0.0659118
0.0521631
0.0445556
0.0339441
0.0387066
0.0371203
0.0379904
0.0378241
0.0351465
0.0434375
0.045698
0.0399881
0.0368891
0.0368418
0.0361985
0.0368436
0.0385832
0.0386224
0.0430728
0.038885
0.0347564
0.0330612
0.0394314
0.0394693
0.0354137
0.0331637
0.0387093
0.0375679
0.03678
0.0365416
0.0386419
0.0373783
0.0405931
0.0392294
0.0437094
0.0401694
0.0367156
0.0446181
0.0461517
0.04503
0.0445521
0.0404818
0.0388979
0.0463785
0.0468156
0.051434
0.0427418
0.0483705
0.0426002
0.0448914
0.0454271
0.0447861
0.0512295
0.0390463
0.0400908
0.038487
0.043737
0.0431633
0.0419198
0.0403216
0.0371921
0.039519
0.0324288
0.0423199
0.0363773
0.0408015
0.0385992
0.0372744
0.0349821
0.0358086
0.0446303
0.0380605
0.0352852
0.0412057
0.0357918
0.0404126
0.0363197
0.0354648
0.0435947
0.0336547
0.0419382
0.0360186
0.0400822
0.0356746
0.0344808
0.0359785
0.0373094
0.0370606
0.0465657
0.0452213
0.0387226
0.0393503
0.0384783
0.0430508
0.0359104
0.0410313
0.0440393
0.0403308
0.0414949
0.0370206
0.0399497
0.0363732
0.036727
0.0461189
0.0404357
0.0444499
0.0352093
0.0393448
0.0361457
0.0438745
0.0397498
0.0380641
0.0401411
0.0346819
0.0614266
0.0548122
0.0361045
0.0453596
0.0366809
0.0434184
0.0556346
0.065567
0.0458241
0.0370763
0.0356849
0.037531
0.053423
0.0493899
0.0397276
0.0388916
0.0358949
0.0446393
0.039546
0.0369933
0.04137
0.0345238
0.0360912
0.0363038
0.0392917
0.0455779
0.0383351
0.0377074
0.037052
0.0365638
0.0435089
0.037487
0.0407884
0.0366585
0.0397956
0.0368931
0.0407309
0.0377585
0.0377664
0.0342737
0.0464165
0.0447378
0.0456434
0.0426574
0.0365077
0.0426967
0.0405177
0.0373346
0.0379658
0.03871
0.0385425
0.0411075
0.0356413
0.0393529
0.041834
0.0386646
0.0401065
0.0376806
0.0410959
0.0573428
0.0418589
0.0498034
0.0388666
0.0464352
0.0422704
0.0442527
0.0508411
0.0357816
0.0453969
0.0545208
0.0448499
0.0355455
0.0499697
0.0496844
0.04151
0.0475037
0.0421459
0.0517886
0.0379937
0.0411014
0.042029
0.0373228
0.0445107
0.0391884
0.0422465
0.0394382
0.0376969
0.0359513
0.0371114
0.0350655
0.0390577
0.0437286
0.0397262
0.0372104
0.0461456
0.0385802
0.0417191
0.0393374
0.0405603
0.0377071
0.0511846
0.0463195
0.0436129
0.0427537
0.0402266
0.0433486
0.0415622
0.0410816
0.044191
0.0446694
0.0418657
0.0421121
0.04216
0.0474474
0.0468254
0.0418398
0.0518688
0.0506523
0.0395535
0.045598
0.0366971
0.0378167
0.0355159
0.0401146
0.0341861
0.0365906
0.0357189
0.0356776
0.0336158
0.0376252
0.0411519
0.0424097
0.037727
0.0375094
0.0376596
0.0365121
0.0366469
0.0375834
0.0346071
0.035321
0.0376245
0.0402763
0.0376926
0.0412255
0.0434916
0.0397282
0.0406038
0.0371928
0.0408818
0.0443433
0.0486294
0.039949
0.0388385
0.0398598
0.0364883
0.0398123
0.0395841
0.0364732
0.0406802
0.0357417
0.0340048
0.0431191
0.0357339
0.0373095
0.0380514
0.037403
0.0352564
0.0427829
0.042577
0.0476534
0.0399013
0.0370129
0.036831
0.0420376
0.0371766
0.0424449
0.0372024
0.0372008
0.0379242
0.0366669
0.0358956
0.0342489
0.0361684
0.0458
0.0348235
0.0344961
0.0383486
0.037984
0.0380908
0.0368928
0.036947
0.0396517
0.0382566
0.0402844
0.0399874
0.0383729
0.0418806
0.0396704
0.0375301
0.0443077
0.0378435
0.0453138
0.042085
0.0407471
0.042461
0.0353092
0.042733
0.0406416
0.0410409
0.0388802
0.0364046
0.0386934
0.0386376
0.0408454
0.0474932
0.0396846
0.0341487
0.0386825
0.050259
0.0397892
0.0405169
0.0450806
0.0559156
0.0458445
0.0429841
0.0455329
0.0473342
0.0443573
0.0487936
0.0412045
0.0511463
0.0454103
0.0433067
0.037735
0.0394079
0.0522888
0.0445091
0.0403821
0.0414425
0.0426247
0.0495632
0.04115
0.0417624
0.0427734
0.0420585
0.0385723
0.0372834
0.039025
0.0438808
0.0406212
0.0364431
0.0383133
0.047292
0.0385794
0.0426328
0.0399722
0.0393783
0.0499854
0.0398938
0.0367134
0.0432877
0.0398976
0.0408107
0.0372369
0.037433
0.0332456
0.0417986
0.0377174
0.0453592
0.0419126
0.0399865
0.0377952
0.0395022
0.0586188
0.0498628
0.050066
0.0523263
0.0592473
0.0555287
0.0558718
0.0511984
0.050428
0.0495623
0.0513061
0.0525193
0.0530446
0.0492143
0.0418714
0.0438159
0.0379626
0.0432874
0.0372704
0.0499178
0.0412395
0.0428697
0.036354
0.0375783
0.0413679
0.0427759
0.0402839
0.0366359
0.0417508
0.0545287
0.0561959
0.0497911
0.0505693
0.0502586
0.0509475
0.0473012
0.0399575
0.0392792
0.0386209
0.0350145
0.0363979
0.039844
0.0402977
0.0396599
0.0393591
0.038335
0.0449113
0.039757
0.0473892
0.0418282
0.0357814
0.0359774
0.0434996
0.0390491
0.0434049
0.0444524
0.0416754
0.0373885
0.0354516
0.0410887
0.0441687
0.0371759
0.0363095
0.0375396
0.0415465
0.045479
0.0436607
0.0382181
0.0380462
0.0421036
0.0460833
0.0471794
0.043377
0.0381533
0.0429353
0.0414068
0.0380348
0.0402831
0.0389328
0.0431751
0.0401788
0.0424483
0.0409545
0.0420881
0.0467099
0.0473962
0.0380642
0.0403251
0.038693
0.0439115
0.0436466
0.0497421
0.0431664
0.0408397
0.0386886
0.0445236
0.0567291
0.0560363
0.0521777
0.05505
0.051775
0.0497899
0.0377924
0.0385916
0.0460898
0.0443592
0.0404329
0.0401926
0.0418437
0.0424316
0.0426119
0.0428779
0.0390338
0.0433208
0.0544349
0.0523662
0.0508633
0.0538936
0.0490315
0.0491964
0.049184
0.0597205
0.0537257
0.0531709
0.0498624
0.0509882
0.0486497
0.0361415
0.0439299
0.0485481
0.0454306
0.0449929
0.058722
0.0460047
0.0481138
0.05592
0.0915486
0.0969113
0.039044
0.046013
0.0951984
0.040893
0.0517136
0.0611038
0.0506185
0.0594188
0.0537939
0.0534847
0.0523958
0.048703
0.0496196
0.0528256
0.0560286
0.0581276
0.0540213
0.0540195
0.0509933
0.0516305
0.0526169
0.0550781
0.0495522
0.0372447
0.0463749
0.0376384
0.0511942
0.0570995
0.0522009
0.0576382
0.0523303
0.050923
0.0523785
0.0519294
0.0472169
0.0555635
0.0533942
0.0394872
0.0410152
0.0428252
0.0378126
0.0407256
0.0375452
0.0418964
0.0421117
0.0386013
0.0382792
0.0437776
0.0392339
0.037032
0.040714
0.0379255
0.042079
0.0363541
0.0382401
0.0405019
0.0399805
0.0405723
0.0378804
0.044944
0.037722
0.0467685
0.0438019
0.040601
0.0367129
0.0357511
0.0514339
0.0521764
0.0503915
0.0561856
0.0526362
0.0388743
0.0390173
0.0362592
0.0383753
0.0336095
0.0481437
0.037992
0.0360786
0.0407079
0.036742
0.0363965
0.0370645
0.0439722
0.0367907
0.0361727
0.0399836
0.0525018
0.0490341
0.0419414
0.0384382
0.0421994
0.0405017
0.043591
0.0377762
0.0441166
0.0354961
0.0428478
0.0373062
0.0443952
0.0358256
0.0344713
0.0366001
0.0396162
0.0415619
0.0368512
0.0428604
0.0350195
0.0389527
0.034047
0.0395614
0.0399436
0.0438603
0.0341055
0.0376364
0.0419834
0.0402067
0.0367459
0.0372426
0.0352439
0.0416709
0.0373838
0.03736
0.036053
0.0386122
0.0360469
0.0410066
0.0404313
0.03538
0.0351579
0.0380003
0.0362227
0.0417627
0.0367855
0.0380879
0.0434348
0.0350741
0.0358675
0.0366663
0.0409415
0.0399788
0.0377983
0.034557
0.0426814
0.0423316
0.0382485
0.0395172
0.0391421
0.0394709
0.0343755
0.0368765
0.0342553
0.037877
0.0372937
0.0361473
0.0358443
0.0350793
0.038666
0.0426103
0.0409267
0.0394018
0.0351475
0.0342906
0.0360461
0.034936
0.0365672
0.045627
0.0359589
0.0329927
0.0364354
0.0388995
0.0397498
0.0361833
0.0371849
0.0372994
0.0365548
0.0469639
0.0401646
0.0386299
0.0466455
0.0352078
0.0387319
0.0363953
0.0346485
0.0366889
0.0421446
0.0332514
0.0383238
0.0367424
0.0387038
0.0371588
0.0387067
0.0375548
0.0461539
0.0396313
0.0361075
0.0347331
0.0423695
0.0433663
0.0355515
0.0366862
0.0388367
0.0427545
0.0441039
0.0444365
0.0518306
0.0389511
0.0400202
0.0372464
0.0512549
0.0409036
0.0435803
0.0422347
0.0395777
0.0333694
0.0384416
0.046669
0.0400723
0.0423941
0.0391894
0.0338209
0.0341842
0.0332434
0.0377049
0.0359828
0.0349022
0.033701
0.0393738
0.0391247
0.034373
0.0388052
0.0345447
0.0400413
0.035694
0.039528
0.0423271
0.0332337
0.0362689
0.0364841
0.0371796
0.0361731
0.0367466
0.0373383
0.0430408
0.0433989
0.0369048
0.0352704
0.0387319
0.0370474
0.0371311
0.0380163
0.0367866
0.0337546
0.0344515
0.0449357
0.0361042
0.036504
0.0420243
0.0376083
0.0368347
0.0352763
0.0429228
0.0390175
0.03553
0.0418481
0.0364037
0.0392376
0.0382715
0.0391202
0.0370532
0.0374346
0.0351145
0.0421275
0.038516
0.0367335
0.0370918
0.035667
0.0383434
0.0375667
0.0392232
0.0384642
0.0439531
0.0390672
0.0372361
0.0390221
0.0368655
0.0396819
0.0429447
0.0400602
0.0401871
0.0414165
0.0388961
0.0457276
0.0369086
0.0384716
0.0394018
0.0440483
0.0484268
0.0477635
0.0391859
0.0385627
0.0555481
0.0523145
0.0525875
0.0509486
0.0554034
0.0480651
0.0474203
0.0539846
0.0585846
0.0479193
0.0428215
0.0431418
0.0566966
0.0514932
0.0428892
0.0425008
0.0577509
0.0489983
0.0494488
0.0440993
0.0401538
0.0467432
0.0507388
0.0503601
0.0544641
0.0519295
0.0441698
0.0409877
0.0402288
0.0426095
0.0378911
0.036221
0.0548051
0.0447329
0.0387123
0.0438173
0.0446614
0.03988
0.0405375
0.0481023
0.0493475
0.0393913
0.0372746
0.0510538
0.0428531
0.0513294
0.0599682
0.0504524
0.0613933
0.0509553
0.0480767
0.053982
0.049628
0.0534441
0.0425815
0.0420605
0.0366372
0.0352596
0.0422781
0.0415916
0.0394247
0.0356879
0.0366609
0.0402979
0.0399277
0.0422258
0.0389571
0.0437488
0.0412
0.0474993
0.0432638
0.0390006
0.0336075
0.0441167
0.0379388
0.0395273
0.0376335
0.0382778
0.0382633
0.0431951
0.0450515
0.0418866
0.0341613
0.0401755
0.0356786
0.0412417
0.0415522
0.0434532
0.0389824
0.0362696
0.0380431
0.0400755
0.035116
0.0375743
0.0337188
0.0365229
0.0380983
0.0363533
0.0456878
0.0408192
0.0364052
0.041335
0.0409826
0.0355207
0.0415674
0.038397
0.0422197
0.0420066
0.0393103
0.0366978
0.0364909
0.038801
0.0341543
0.0390761
0.0372396
0.0389207
0.0346373
0.0394841
0.0394115
0.0376954
0.0444207
0.0389259
0.0390619
0.0401327
0.0394719
0.0412092
0.0362364
0.0347501
0.0384006
0.0444763
0.0376733
0.0372791
0.036767
0.0363682
0.0456244
0.0385515
0.0421529
0.0371425
0.0364384
0.0382373
0.0385366
0.0328955
0.0332942
0.039428
0.0327922
0.0312443
0.0290415
0.0314895
0.0325497
0.0320992
0.0336301
0.0359244
0.0311035
0.0316644
0.0327857
0.0320542
0.0358888
0.0357754
0.0347175
0.0321953
0.0336196
0.0320285
0.0369237
0.0344
0.0330564
0.0345975
0.032774
0.0381444
0.0378938
0.0334062
0.0434366
0.0367718
0.0338847
0.0306835
0.0383908
0.0359335
0.0328477
0.0332741
0.0349406
0.0358162
0.0349057
0.0397865
0.030809
0.0423654
0.0324708
0.0389036
0.0330164
0.0370615
0.0327227
0.039444
0.0315747
0.0364712
0.0389413
0.0368908
0.0347571
0.0364759
0.0391641
0.0405759
0.0282977
0.0329338
0.034407
0.0404421
0.0471542
0.0422027
0.0428686
0.0392375
0.040057
0.0436255
0.0378352
0.0478111
0.0416478
0.038262
0.0436307
0.0420952
0.0434775
0.0380931
0.0364475
0.0380934
0.0368625
0.0388151
0.0299627
0.0334079
0.0391784
0.0316698
0.0330318
0.0364343
0.0366903
0.032578
0.0359129
0.036612
0.0397771
0.0380015
0.0344618
0.0362398
0.0368485
0.0392637
0.036708
0.0380835
0.0364235
0.0348295
0.0379304
0.0348053
0.0396185
0.0433768
0.032467
0.0310406
0.03539
0.0313116
0.0316638
0.0336198
0.0331032
0.0345394
0.0319355
0.0324983
0.0326622
0.0367407
0.0367784
0.0313813
0.0337673
0.0359688
0.0375537
0.0332239
0.0359104
0.0361093
0.037479
0.034697
0.0348391
0.0372906
0.0325387
0.032007
0.0394014
0.0365232
0.0324353
0.0359369
0.0311684
0.0353568
0.0316451
0.0307352
0.0335059
0.0398264
0.0321524
0.0319329
0.0340676
0.0316722
0.036635
0.0365486
0.0292566
0.0300285
0.0362128
0.0378502
0.0430153
0.031452
0.0315344
0.0366958
0.0342849
0.0373406
0.0350246
0.0378683
0.0371951
0.0324161
0.0321317
0.0330536
0.0346449
0.0325495
0.0318154
0.0480469
0.0440969
0.0407443
0.0422993
0.0334055
0.0335005
0.0336797
0.0293688
0.0293065
0.040315
0.0307806
0.0320207
0.0354103
0.032537
0.0324949
0.0322887
0.0380356
0.0349391
0.036106
0.0329205
0.0295805
0.0292113
0.0302315
0.03097
0.0287734
0.0378632
0.0324433
0.0363244
0.0358143
0.0415753
0.0345291
0.0362839
0.0312474
0.0306276
0.0383927
0.0326057
0.0351475
0.0348378
0.035508
0.0307331
0.0303174
0.0432348
0.036979
0.0293943
0.0306772
0.0415191
0.0272451
0.0320766
0.0281665
0.0313884
0.0348307
0.0345459
0.0376784
0.0392502
0.0308851
0.0380842
0.0332652
0.0405518
0.0432967
0.0309055
0.0388767
0.0357961
0.0307995
0.0331661
0.034105
0.0304582
0.0340589
0.0343095
0.0315647
0.0319142
0.034393
0.0308993
0.0307416
0.0308713
0.037789
0.0335778
0.033019
0.0321165
0.0337838
0.0414737
0.0460705
0.0677438
0.0370961
0.0331747
0.0350029
0.0410225
0.030912
0.0313318
0.0362795
0.0327501
0.0295311
0.0366486
0.0299834
0.0335441
0.0384344
0.0348334
0.0318568
0.0573184
0.0491269
0.0519333
0.0543504
0.0508793
0.0488808
0.0451576
0.0404104
0.0409281
0.0437668
0.0476908
0.0410456
0.0385564
0.0474487
0.046089
0.0413124
0.0442358
0.046549
0.0401023
0.0430654
0.0416601
0.0411736
0.043305
0.0414749
0.0375822
0.042005
0.0438547
0.0473707
0.04102
0.0483152
0.0424325
0.0484374
0.0327247
0.0351348
0.0473447
0.0358544
0.0347464
0.0292278
0.0399449
0.0399173
0.0396068
0.0416642
0.0420123
0.0427554
0.0369837
0.0405208
0.0459364
0.0407201
0.041028
0.0448744
0.0444018
0.0429311
0.0502689
0.0444092
0.0453581
0.0442017
0.0408292
0.0486294
0.0427284
0.0484489
0.0417443
0.039481
0.0307818
0.0309545
0.0464478
0.0399505
0.0455561
0.0468572
0.0400022
0.0387672
0.0324512
0.040425
0.0471048
0.039811
0.0375079
0.0376996
0.0400313
0.0469073
0.0465523
0.0435883
0.0435892
0.0523041
0.0388207
0.0425581
0.0416816
0.0439492
0.0409688
0.0376984
0.0351326
0.0392639
0.0402627
0.0385042
0.0373985
0.0358224
0.0292417
0.0318897
0.0313201
0.0321526
0.0357628
0.0322468
0.0327646
0.0359713
0.0356595
0.0293977
0.0349356
0.0388054
0.0357434
0.0411623
0.0415268
0.0420919
0.0355152
0.0419512
0.0384505
0.0369259
0.0433096
0.0337848
0.0360142
0.0431656
0.0332948
0.0366515
0.0353571
0.0386678
0.0418686
0.0402013
0.0356976
0.048669
0.0409236
0.0450629
0.0423827
0.0431002
0.0423409
0.044573
0.0392421
0.0429995
0.0412303
0.0400939
0.0507486
0.0442783
0.0363524
0.0339297
0.0589617
0.0418641
0.0417499
0.038887
0.0464709
0.0393341
0.0476455
0.0426881
0.0461085
0.043695
0.0405744
0.0453048
0.0396091
0.0434441
0.0406842
0.0512292
0.044648
0.0445358
0.0442455
0.0484898
0.0457104
0.0467935
0.0473155
0.0437349
0.0456378
0.0408506
0.0402068
0.0347572
0.0331531
0.0314674
0.0357176
0.0349896
0.0317717
0.0314555
0.0356088
0.0451828
0.0431821
0.0438883
0.048688
0.048477
0.0431405
0.0481128
0.0448959
0.0508159
0.0494557
0.0415207
0.0472358
0.0478965
0.0390118
0.0339941
0.0342561
0.0377201
0.0345456
0.0363115
0.0334893
0.0368482
0.0331604
0.0309752
0.0401372
0.0320517
0.0343997
0.038035
0.040216
0.0341648
0.0326394
0.031746
0.035395
0.0296086
0.0328201
0.0353342
0.0388506
0.0302642
0.029251
0.0324865
0.0339229
0.0315467
0.0352997
0.0294349
0.0315641
0.031652
0.0305222
0.0293245
0.0344503
0.0309324
0.0299928
0.0335388
0.0397367
0.0297084
0.0355221
0.0335746
0.0299003
0.0318729
0.0308636
0.0347913
0.0354141
0.0321208
0.0317232
0.0315008
0.0342771
0.0332818
0.0313588
0.0332805
0.0304388
0.0304352
0.0338728
0.0360026
0.0315012
0.031065
0.039868
0.0310258
0.0339858
0.038111
0.0333065
0.0331232
0.037134
0.0352512
0.0348016
0.0325442
0.0327513
0.0315542
0.0285948
0.0329617
0.0351502
0.0329645
0.0312757
0.0304119
0.0346237
0.0399432
0.0436366
0.0339495
0.0296392
0.0364967
0.0311895
0.0351386
0.0395621
0.0301985
0.0370977
0.0337047
0.0331033
0.0319324
0.0332373
0.0325218
0.0314552
0.0360316
0.0436975
0.0367007
0.0380745
0.0303983
0.0349007
0.0379169
0.0359753
0.0320397
0.0385101
0.0339163
0.0358441
0.0305188
0.029654
0.0329935
0.0315654
0.0335612
0.0382878
0.03046
0.0293476
0.030563
0.0320591
0.0337776
0.0306448
0.0275504
0.0329993
0.0334467
0.0283026
0.0360313
0.0275384
0.0328314
0.0304185
0.0316141
0.0298265
0.0295413
0.0337953
0.0387369
0.03325
0.0318737
0.0322506
0.0301303
0.0289781
0.0304149
0.031042
0.0292959
0.0331392
0.0322077
0.0371658
0.033666
0.0294333
0.0314864
0.0326446
0.0301298
0.0344659
0.0338365
0.0316918
0.0349015
0.0328122
0.0402677
0.0386677
0.0327682
0.0311236
0.0318929
0.0315904
0.0308007
0.038858
0.0361225
0.0376642
0.0411428
0.0335558
0.0411991
0.0382813
0.0333802
0.0364988
0.0373873
0.0356439
0.0377616
0.0319614
0.0329624
0.0376298
0.0329625
0.0330296
0.0364855
0.034084
0.0332168
0.0371887
0.0342187
0.0351858
0.0327597
0.0384523
0.0397803
0.0382186
0.0314726
0.0391644
0.036118
0.0300149
0.0372829
0.0448864
0.0362333
0.028973
0.0325721
0.0377729
0.0374981
0.0354162
0.036351
0.0349193
0.0367514
0.0328363
0.0353403
0.0418498
0.0324433
0.0376203
0.0388804
0.0366173
0.0338629
0.0317194
0.0304933
0.0335738
0.0326386
0.0327179
0.0419388
0.0341476
0.0301563
0.0357343
0.0322354
0.0414285
0.0361361
0.0339264
0.0387517
0.0324928
0.029404
0.0317932
0.0308109
0.0304061
0.0351872
0.0330667
0.0328785
0.0368786
0.0420176
0.0351011
0.0316558
0.0298711
0.0313453
0.0309432
0.030068
0.0349739
0.0346366
0.0351687
0.0361044
0.0302131
0.0325281
0.0338688
0.0376666
0.0330616
0.0317207
0.0313101
0.0285821
0.0297053
0.0275695
0.0263802
0.0273477
0.0336266
0.028465
0.0277652
0.0281405
0.0327939
0.0325089
0.0280642
0.027512
0.0273627
0.0273002
0.0329422
0.029255
0.0280181
0.0289255
0.0300588
0.0315283
0.0301694
0.0293686
0.0279829
0.0275032
0.0290919
0.0353786
0.0299533
0.0284603
0.0303954
0.0301719
0.0292812
0.0302529
0.0299909
0.0304514
0.0299888
0.0304507
0.0298279
0.0312482
0.0307564
0.0292677
0.0297945
0.0310748
0.0356757
0.0318322
0.0376448
0.0309703
0.0295982
0.0359991
0.033393
0.029837
0.0323891
0.0377229
0.0301695
0.0324086
0.0321024
0.0400613
0.0336052
0.0413569
0.0309624
0.0332121
0.0358015
0.0324889
0.0335637
0.0308309
0.0322141
0.0308067
0.03168
0.0318529
0.030668
0.031866
0.0310447
0.0326488
0.0337375
0.0323908
0.0342627
0.0308506
0.0346422
0.0304305
0.0337406
0.0288734
0.0346263
0.0314894
0.0355803
0.0296327
0.0301579
0.031772
0.0307445
0.0322966
0.0317914
