0.0788925
0.219881
0.244586
0.289303
0.228203
0.0779826
0.0559456
0.0687439
0.0574914
0.0643972
0.0585198
0.0645412
0.0731408
0.0854019
0.0693281
0.0757217
0.0830773
0.0672201
0.0685342
0.0692219
0.065404
0.0681097
0.0670695
0.0715032
0.0624892
0.0690696
0.0617702
0.0652543
0.0774633
0.0773819
0.0838139
0.0821944
0.0883345
0.0643388
0.0748854
0.0717366
0.0635446
0.0651146
0.0647633
0.0773837
0.0680475
0.0736346
0.0754279
0.0722107
0.0742035
0.0679074
0.0788888
0.0658045
0.094069
0.0663558
0.0665465
0.0655276
0.0649581
0.0639902
0.0797221
0.0707308
0.0671785
0.0742138
0.0689707
0.0685202
0.0844987
0.0810804
0.0812606
0.132324
0.0779884
0.0671014
0.0787271
0.0758884
0.0779683
0.0726172
0.0738407
0.0743568
0.070187
0.0693805
0.0746043
0.0737957
0.0721317
0.075146
0.0714532
0.0727888
0.0691297
0.0678509
0.0695088
0.0727501
0.0721223
0.0713309
0.0730736
0.0749548
0.0802106
0.0718499
0.0892211
0.0769992
0.074442
0.0991479
0.0733266
0.0833619
0.0819963
0.131505
0.072637
0.0660559
0.0768098
0.0682505
0.0824226
0.0885427
0.134432
0.0853339
0.0903406
0.0893721
0.0731707
0.107011
0.117369
0.0674724
0.0675136
0.0694237
0.0727133
0.0718237
0.080147
0.0728932
0.0700278
0.078074
0.0726742
0.0632956
0.094104
0.0717694
0.0832686
0.069121
0.0827445
0.0694698
0.0715056
0.0694245
0.0763498
0.0694539
0.068731
0.0713077
0.0552259
0.0704974
0.0762699
0.0720462
0.075014
0.0672308
0.0682492
0.0702006
0.0799362
0.0787076
0.0807996
0.0660199
0.0723452
0.0689449
0.0707237
0.0774069
0.0784598
0.0619225
0.0850536
0.0855594
0.0543428
0.0584336
0.0800299
0.0690886
0.0822665
0.075573
0.0755429
0.0738248
0.0853391
0.0595754
0.0722936
0.0655126
0.0749937
0.0722559
0.0689523
0.067697
0.0683383
0.0710534
0.0868871
0.0648198
0.0671715
0.0804451
0.0773981
0.079435
0.0767013
0.063277
0.0843719
0.0626217
0.0811188
0.0816463
0.0905068
0.0663517
0.067676
0.0860889
0.0765266
0.0737107
0.0934594
0.179591
0.0969045
0.0663271
0.0743275
0.0767053
0.0810502
0.0848842
0.11304
0.164255
0.101901
0.0660431
0.0745726
0.0723682
0.0640689
0.0786542
0.0751494
0.0763993
0.0633715
0.0680831
0.0754109
0.0766924
0.0626035
0.0631021
0.0701863
0.0606263
0.0681377
0.0560409
0.0622754
0.0656106
0.0686089
0.0612441
0.0697274
0.0627967
0.0590626
0.0653743
0.0670545
0.0727759
0.0691461
0.0624108
0.0584975
0.06328
0.068716
0.0605671
0.0601182
0.0625201
0.0690391
0.0632161
0.0631197
0.0631685
0.0565935
0.055737
0.0580931
0.0603725
0.0568142
0.067628
0.0646742
0.0593818
0.0532907
0.0538137
0.057276
0.0773101
0.0628184
0.0556406
0.0559425
0.0659476
0.0534974
0.0572676
0.0581115
0.0613551
0.070489
0.0525146
0.0566302
0.0659466
0.0527974
0.0667124
0.0575734
0.0656472
0.0584817
0.0640167
0.0596641
0.0698369
0.0736809
0.0585278
0.0556594
0.0698186
0.0748196
0.0737306
0.0821597
0.0682321
0.0698543
0.0695754
0.0768754
0.0741523
0.0639956
0.0833774
0.0665404
0.0709322
0.0666739
0.0625636
0.0739082
0.0625514
0.0628539
0.0774173
0.0706853
0.0626681
0.0677273
0.0617255
0.0676342
0.0608281
0.0697352
0.0812432
0.059502
0.0681945
0.0640261
0.0674946
0.0685419
0.0625414
0.059813
0.0792802
0.0540731
0.0582131
0.0824012
0.0621628
0.0593751
0.0655667
0.078398
0.0676753
0.0699617
0.0541308
0.062766
0.0697546
0.0561551
0.0764766
0.0667616
0.069945
0.0852221
0.0580814
0.057923
0.0714774
0.0543952
0.0654415
0.0667458
0.0615921
0.0687884
0.055813
0.0585948
0.069414
0.0573997
0.063366
0.0666017
0.0641023
0.0594991
0.0569427
0.0619578
0.0622007
0.0615101
0.068807
0.0536779
0.065113
0.0648159
0.0569194
0.0557606
0.0633218
0.0650454
0.0604991
0.0647454
0.055909
0.0649518
0.056633
0.0578771
0.0573236
0.0590187
0.0618798
0.0539795
0.0576247
0.0561903
0.0570868
0.0519845
0.0627411
0.0563307
0.0538753
0.0502525
0.0487498
0.0595088
0.0591545
0.0538571
0.0519622
0.0550088
0.0499496
0.0510828
0.0526696
0.0515178
0.0618032
0.0495985
0.0507327
0.0540683
0.0523511
0.0495291
0.0460371
0.0514998
0.0535194
0.0481475
0.0585202
0.0550524
0.0554164
0.0547908
0.0475503
0.0484256
0.0539429
0.0448374
0.0526866
0.0518662
0.0599546
0.0488564
0.0509815
0.0487885
0.0457913
0.0507989
0.0496295
0.0535898
0.0501012
0.0530764
0.056887
0.0486388
0.0477852
0.0512713
0.0468772
0.0490983
0.0480081
0.0478375
0.0527331
0.0452383
0.0459549
0.0479616
0.0488709
0.0545206
0.0489355
0.0535428
0.0511962
0.0504574
0.0640403
0.0482486
0.0604184
0.0471783
0.0571115
0.0557765
0.0497602
0.0525423
0.0500901
0.0518297
0.0530895
0.0516534
0.0509757
0.0549094
0.060715
0.0495643
0.0522093
0.0544844
0.0501022
0.0532221
0.0495539
0.0461284
0.0541584
0.0511581
0.0717052
0.0674308
0.071168
0.0799919
0.0654251
0.0672786
0.0618191
0.0599541
0.0613012
0.0544431
0.0546717
0.0623784
0.0638339
0.0563445
0.0589648
0.0601654
0.0573357
0.0539203
0.0562538
0.0536063
0.0544483
0.0564983
0.064818
0.0652588
0.0678245
0.0603569
0.0565014
0.0565992
0.0539632
0.0580994
0.0542015
0.0575821
0.0676063
0.0640225
0.0612143
0.0586585
0.0678542
0.0643128
0.0669004
0.0697056
0.0612432
0.063036
0.071727
0.0640273
0.0651438
0.075999
0.0731027
0.0705298
0.0635112
0.0604116
0.0653324
0.0663959
0.0607757
0.0671918
0.073824
0.0666758
0.0675283
0.0697518
0.0738142
0.0642633
0.0750582
0.0645956
0.0652457
0.0711025
0.0648881
0.0701065
0.0682098
0.0658376
0.0685195
0.0647298
0.0636786
0.0651363
0.0685738
0.0685311
0.0665342
0.0776001
0.0764537
0.0690498
0.0665423
0.0717934
0.0699293
0.0683715
0.0686787
0.0697103
0.0663543
0.0695053
0.0689398
0.0689399
0.0807932
0.0691368
0.0674162
0.0680783
0.0663842
0.0692722
0.0694141
0.0706512
0.0661419
0.0689006
0.0662884
0.0718457
0.0637629
0.0729615
0.0659958
0.0641292
0.0723559
0.0656047
0.0711558
0.0679716
0.0689565
0.075788
0.0695909
0.0689608
0.0740836
0.0702372
0.0696586
0.0649223
0.0667077
0.0732872
0.0682732
0.0711504
0.0703579
0.0668043
0.0697163
0.075418
0.0716606
0.0659527
0.0791735
0.0660528
0.0645909
0.0745741
0.0690631
0.07411
0.0674141
0.0715096
0.0730125
0.0675898
0.0723213
0.0680154
0.0708439
0.0728608
0.0696316
0.0690556
0.0693316
0.0751635
0.0711982
0.0712104
0.0782885
0.0813527
0.0783923
0.0668226
0.0665437
0.0693299
0.0727273
0.0701974
0.0713793
0.0712442
0.0710963
0.0726253
0.0696174
0.07052
0.0707801
0.071826
0.0669097
0.0693003
0.0725137
0.0785286
0.0741667
0.0763718
0.0693879
0.0707998
0.0732295
0.0725827
0.0674424
0.0734033
0.0678594
0.0706157
0.0697981
0.06862
0.0729633
0.0690588
0.0692378
0.0752148
0.0689494
0.0735583
0.0761748
0.089382
0.0688726
0.0766634
0.0744108
0.0737648
0.0758328
0.0772978
0.0790066
0.0742399
0.0774714
0.0769328
0.0738361
0.0762544
0.0757229
0.0778494
0.0792284
0.0806282
0.0744837
0.0738045
0.0766693
0.0731399
0.0755807
0.0733001
0.0773238
0.0869475
0.0725984
0.0722884
0.0762487
0.0879861
0.074928
0.0804595
0.0749463
0.083922
0.0824031
0.0793566
0.0813259
0.076921
0.0787517
0.0809752
0.0782465
0.080196
0.0860126
0.0814433
0.0770437
0.0830895
0.0790977
0.0724691
0.0810544
0.0854927
0.089659
0.0872609
0.0866764
0.0845577
0.0967778
0.105713
0.131461
0.131574
0.0814524
0.0850087
0.135193
0.0748034
0.0949992
0.0848741
0.081676
0.0752557
0.0772019
0.0719949
0.079391
0.0798262
0.0720275
0.0775494
0.0764681
0.079038
0.0740102
0.0728522
0.0746096
0.0760571
0.0783045
0.0726664
0.0823796
0.0774511
0.0785788
0.0781919
0.0757944
0.0798317
0.081688
0.0763616
0.0808787
0.0807132
0.078335
0.0778201
0.0862521
0.073725
0.0847722
0.0755183
0.0777102
0.0770269
0.0759355
0.0891457
0.0832203
0.0808897
0.0771379
0.0751379
0.0780467
0.0816156
0.0751677
0.0713756
0.0810986
0.0743941
0.0782134
0.0778318
0.0775976
0.0786307
0.0798471
0.0769122
0.0774503
0.075899
0.0807416
0.0779592
0.0771546
0.0813268
0.0768608
0.0787654
0.0911424
0.0743707
0.0752472
0.0726501
0.0788503
0.0808904
0.0756366
0.0810003
0.0764363
0.0773145
0.0971661
0.0781916
0.0701929
0.0699818
0.0749646
0.0753944
0.0758688
0.0790447
0.0752115
0.0872321
0.0865
0.0748179
0.0669637
0.0693287
0.0752615
0.0693336
0.0706034
0.0671885
0.064765
0.0651291
0.0700386
0.0725086
0.0725306
0.0693159
0.0759778
0.0665491
0.0819746
0.0737311
0.0692978
0.0817398
0.0693389
0.0715831
0.0662302
0.0671397
0.0661863
0.0721824
0.0751406
0.0714284
0.0786342
0.0714532
0.0751913
0.0668117
0.0683035
0.0795802
0.0788522
0.0651761
0.0825426
0.0806849
0.0896217
0.075501
0.0746107
0.0700935
0.071677
0.0732332
0.0722812
0.0755945
0.0702055
0.0731916
0.071399
0.0767955
0.0721589
0.0693659
0.0645216
0.0697545
0.0745729
0.0759605
0.091616
0.0743244
0.0869385
0.072003
0.0703225
0.0788064
0.0698255
0.0737378
0.0736707
0.0777424
0.0705525
0.0753841
0.0723737
0.0747695
0.076375
0.0851181
0.0674995
0.0749803
0.0725738
0.0869156
0.080859
0.0689117
0.0865521
0.0710128
0.0784965
0.0696597
0.0742326
0.0700732
0.0795482
0.0791549
0.073743
0.069535
0.0710202
0.0761132
0.0681627
0.075776
0.076558
0.0835053
0.0772526
0.0772447
0.0697044
0.0759178
0.0709884
0.0679421
0.0706314
0.0706941
0.0795494
0.0735954
0.0807703
0.0769235
0.0809456
0.0779372
0.0764178
0.0718901
0.0891976
0.0759046
0.0783493
0.0747494
0.0765218
0.0755572
0.0733109
0.0772894
0.0818978
0.0712862
0.0710332
0.0727795
0.072095
0.07892
0.0724206
0.0729739
0.0720662
0.0880964
0.0785385
0.089391
0.0819885
0.0742055
0.0794506
0.0783598
0.0730154
0.074524
0.0703363
0.0755257
0.0728918
0.0753854
0.0740663
0.0700031
0.0702295
0.0728252
0.0765052
0.0762313
0.0712221
0.0749024
0.0771778
0.0802995
0.078868
0.070335
0.0732223
0.0794594
0.0715189
0.0777357
0.0755485
0.0774297
0.0733845
0.0693957
0.0743005
0.0795013
0.0731538
0.0752028
0.082478
0.0774021
0.076186
0.0708832
0.0741525
0.0692557
0.0691781
0.0772152
0.0754003
0.075043
0.0733295
0.0877933
0.106069
0.0711337
0.0759347
0.0722128
0.078659
0.0760369
0.0756902
0.082892
0.0728059
0.0766073
0.0876924
0.0782175
0.0745868
0.0897228
0.0820637
0.0806599
0.0761144
0.0791675
0.0919049
0.0819193
0.0851545
0.0789835
0.0810581
0.0836421
0.0821192
0.0825798
0.0773898
0.0828002
0.0896031
0.0815459
0.0787664
0.0750214
0.076015
0.0742786
0.0816082
0.0775234
0.080655
0.0822568
0.0795773
0.0824749
0.0750612
0.0774091
0.0942824
0.0798751
0.101554
0.0828039
0.0765586
0.076715
0.0773844
0.0806921
0.0826189
0.0862605
0.0778557
0.0772822
0.0745044
0.0757225
0.0729617
0.0758839
0.083484
0.0846019
0.0775766
0.0767758
0.0863853
0.0797654
0.0884138
0.0731716
0.0808246
0.0768786
0.0734244
0.0714013
0.0719164
0.0717075
0.0768036
0.0939246
0.0792642
0.0739407
0.0721037
0.071289
0.0777688
0.0713866
0.0750663
0.0822981
0.0796158
0.0850919
0.0760253
0.0752854
0.0740011
0.0807959
0.0985872
0.0753949
0.0914441
0.0847532
0.0769023
0.0804635
0.0742938
0.0783913
0.0753845
0.0768279
0.0725541
0.0738883
0.0757857
0.0720585
0.0709201
0.0743521
0.0766247
0.0927584
0.0800254
0.071825
0.0737966
0.0704571
0.074542
0.0749573
0.0826798
0.0830909
0.0842011
0.0795148
0.0821118
0.0789349
0.0792109
0.0773647
0.0888417
0.0781646
0.0762135
0.0915187
0.080919
0.0842064
0.0788507
0.0806022
0.0818068
0.0716077
0.0812832
0.093323
0.0873472
0.0727568
0.0762686
0.0751021
0.0774792
0.0751535
0.0990938
0.077936
0.0820917
0.0853342
0.0751442
0.0782998
0.0740137
0.0792257
0.0717108
0.0768888
0.0801656
0.0799313
0.0785547
0.0777593
0.0812636
0.0834966
0.0958479
0.0850493
0.07491
0.0780194
0.072703
0.0785568
0.0791048
0.0824213
0.079146
0.0724833
0.075713
0.0725294
0.0770174
0.0757164
0.0771175
0.0736943
0.0941149
0.078446
0.0746268
0.0815467
0.0802407
0.0854388
0.0831122
0.0713382
0.0828105
0.0781498
0.0796803
0.0802195
0.0808954
0.0779652
0.0792511
0.0792952
0.0792881
0.084948
0.0816859
0.0757457
0.0778559
0.0775821
0.0878451
0.081422
0.0737459
0.0795527
0.0743515
0.0673654
0.074747
0.0741723
0.0763215
0.0793947
0.0976487
0.0784836
0.079023
0.0734723
0.0830718
0.0713511
0.074517
0.0731287
0.0702043
0.0752229
0.0771577
0.0821352
0.08043
0.0753384
0.0865719
0.077891
0.0724319
0.0770568
0.0698197
0.0763855
0.0750508
0.0722194
0.0822898
0.0713891
0.0819556
0.0804829
0.0894275
0.078779
0.0765363
0.0796764
0.0825914
0.093406
0.0780508
0.0839109
0.0737497
0.0833038
0.0816052
0.0873245
0.0780588
0.074016
0.075252
0.0787728
0.0809046
0.0743301
0.0775687
0.073291
0.0858688
0.0905794
0.0889815
0.0787131
0.0778112
0.0750051
0.0760099
0.0744704
0.0801003
0.0819355
0.102374
0.0723328
0.0737043
0.0730771
0.0742415
0.083679
0.0749201
0.0740051
0.0787766
0.084351
0.0767315
0.0855452
0.0739386
0.0794233
0.092667
0.0796296
0.0751875
0.0811655
0.0884554
0.0826777
0.0823091
0.0866564
0.0983203
0.083304
0.0884377
0.0795543
0.0803705
0.0785324
0.0752925
0.0750416
0.0776487
0.0768017
0.0772166
0.0859277
0.0928502
0.0805094
0.0882656
0.0876691
0.0953754
0.0775365
0.0781094
0.0821637
0.0734479
0.0890007
0.0856451
0.0820665
0.0816961
0.0807345
0.0839308
0.086005
0.0802714
0.0869489
0.0846615
0.0862708
0.0817765
0.0864205
0.0727141
0.0865425
0.0932675
0.0873218
0.0822464
0.0826649
0.0851075
0.0824011
0.0872309
0.0874283
0.0924753
0.0792593
0.0789045
0.0801182
0.084981
0.0916734
0.0772227
0.0856485
0.0804361
0.07984
0.0758847
0.0807817
0.0776876
0.0751017
0.0791987
0.0801039
0.0815512
0.0833951
0.0864315
0.080823
0.0818094
0.0837716
0.0775094
0.0745281
0.0977199
0.0862875
0.0739834
0.0870194
0.0816628
0.084212
0.0818587
0.0826861
0.0744505
0.0779979
0.0809847
0.0761683
0.0823677
0.0827243
0.0917645
0.0746645
0.0789332
0.0773274
0.0923528
0.0843985
0.0796453
0.0766973
0.084369
0.0956694
0.0811747
0.0813996
0.0750171
0.0751676
0.0793618
0.0801412
0.0817296
0.0730372
0.0898534
0.0768883
0.0797893
0.0811894
0.102771
0.0851866
0.0856334
0.0830965
0.0750748
0.0771751
0.0784826
0.0861157
0.077742
0.0804166
0.0817808
0.07478
0.073552
0.0738658
0.0843831
0.0804562
0.0781739
0.0789576
0.0826987
0.0801878
0.100004
0.0862109
0.0795114
0.0780027
0.0723237
0.0853263
0.0796221
0.0887888
0.0807907
0.0812059
0.0791332
0.0721216
0.0796046
0.0802646
0.079642
0.0832815
0.0781189
0.0843285
0.0909015
0.0833134
0.0730684
0.0794085
0.0807824
0.0773427
0.0832349
0.0760377
0.0788301
0.0843754
0.0786504
0.0932412
0.0789695
0.0768503
0.0846652
0.0750446
0.0777633
0.0919319
0.0966657
0.0832704
0.0852791
0.0823615
0.0781269
0.0760722
0.0826012
0.0874343
0.0782726
0.0827973
0.0848047
0.0846923
0.0861248
0.0858503
0.0753092
0.082074
0.083846
0.0869995
0.0931968
0.0908863
0.0888772
0.0810179
0.0765033
0.0805716
0.0873744
0.0858782
0.0842404
0.0798439
0.0812526
0.0909688
0.0874418
0.0773087
0.0757351
0.077675
0.0889628
0.0808578
0.0942181
0.0900623
0.088315
0.0930993
0.0775839
0.0812001
0.0853729
0.0838247
0.0792283
0.0826132
0.0851806
0.0831823
0.0781023
0.0868602
0.0785511
0.0768202
0.0759756
0.0808025
0.0965906
0.0803231
0.0867934
0.0777715
0.0814279
0.070599
0.081156
0.0819879
0.0866716
0.080647
0.0793441
0.0799112
0.0907793
0.10267
0.0849908
0.0866334
0.0911252
0.0867572
0.0929921
0.0845989
0.0783735
0.0922715
0.0890734
0.0811518
0.0796286
0.0845141
0.0808808
0.079253
0.0841016
0.0846144
0.0853966
0.0839627
0.074637
0.0790837
0.0888499
0.0883206
0.07787
0.0813003
0.0922041
0.080499
0.0914724
0.09543
0.0848739
0.0846455
0.082905
0.0819558
0.0792051
0.0802904
0.0842174
0.0787764
0.0864347
0.0786761
0.0760367
0.0743892
0.0823538
0.0737752
0.0939887
0.085014
0.0770075
0.0787936
0.0827689
0.0829226
0.0829422
0.0820026
0.0799923
0.0865792
0.0898952
0.0764225
0.0802439
0.0795755
0.0837002
0.0833638
0.0883974
0.0772486
0.0862205
0.0907888
0.0967874
0.0968353
0.0883725
0.0889905
0.0897582
0.0983951
0.0954902
0.108012
0.0977317
0.0979445
0.0893452
0.0890505
0.0883555
0.0813562
0.0788506
0.0862145
0.0832218
0.0784625
0.0798838
0.0856896
0.101154
0.106918
0.0897659
0.0865077
0.0861114
0.0885055
0.0899483
0.0835271
0.207283
0.0895056
0.07121
0.082689
0.0852678
0.0789477
0.0646099
0.059275
0.0610087
0.0673624
0.0694057
0.0711691
0.0786611
0.0602087
0.0640194
0.0672408
0.0653014
0.0693196
0.0677315
0.0672257
0.0602465
0.0618864
0.0597239
0.0606293
0.0618461
0.0629551
0.0646681
0.0638889
0.0564904
0.0577395
0.0655186
0.0658265
0.0674268
0.0649744
0.0616479
0.0576445
0.0625167
0.0642271
0.063622
0.0650576
0.064912
0.0646104
0.0680001
0.0657587
0.0754349
0.0641723
0.0647327
0.0643065
0.0601418
0.0698089
0.0688069
0.0685075
0.0648955
0.0745676
0.0629437
0.0725114
0.0669764
0.0685228
0.0681865
0.0719588
0.0596829
0.067875
0.0714185
0.0734489
0.0722838
0.0724075
0.0662694
0.0652473
0.063976
0.0713964
0.0633508
0.0661727
0.0679742
0.0711783
0.0685574
0.0670253
0.0608091
0.0690137
0.0654549
0.0727046
0.0652953
0.0708408
0.0685141
0.0693038
0.0722204
0.0616638
0.0680057
0.0657293
0.0620972
0.0649576
0.0880721
0.06853
0.0637344
0.0679235
0.0709391
0.0745072
0.0689554
0.066368
0.0661549
0.0686203
0.0623048
0.075987
0.064475
0.0629529
0.0751686
0.0744805
0.0736281
0.079701
0.0665589
0.0766988
0.0662558
0.0700099
0.0634035
0.068302
0.0672093
0.066902
0.0685445
0.0745633
0.0674841
0.0656209
0.0735268
0.0642615
0.0659053
0.0661709
0.066375
0.0654658
0.0668108
0.0622227
0.0633812
0.0666447
0.0633778
0.0743819
0.0692126
0.0701922
0.0693059
0.0660383
0.0663913
0.0651352
0.0653126
0.0678957
0.0659861
0.0651643
0.0710757
0.0718063
0.0664988
0.0692288
0.0740048
0.0685478
0.0760071
0.0657205
0.0725582
0.0660935
0.0698766
0.0696822
0.0731415
0.0691115
0.0662944
0.0640524
0.0674943
0.0657629
0.0689302
0.068236
0.0782879
0.0773179
0.0798898
0.0668155
0.19847
0.0899591
0.0766829
0.0868808
0.0748376
0.0885472
0.059051
0.0657917
0.0678801
0.0748734
0.0682807
0.0677439
0.0624258
0.0732207
0.0644177
0.0673663
0.065483
0.0632258
0.0640484
0.0658787
0.0767351
0.0729482
0.0692331
0.0734681
0.077919
0.0715131
0.0620085
0.0634599
0.0655338
0.0618643
0.0655917
0.0665398
0.0726185
0.0743146
0.0703217
0.0724535
0.0725981
0.068238
0.063635
0.071673
0.0621384
0.0753098
0.0711458
0.0646118
0.0760276
0.0743626
0.0764667
0.0825139
0.0697108
0.0597977
0.0677944
0.0641552
0.06979
0.0707466
0.0752147
0.0669417
0.0715553
0.0797256
0.0765059
0.0702369
0.0698247
0.0683673
0.0652805
0.0730869
0.0737603
0.0764135
0.0919341
0.0701127
0.0651046
0.0735065
0.0759178
0.0730585
0.0931315
0.0832689
0.0761831
0.0698522
0.0663948
0.0759099
0.0673065
0.0699075
0.0699052
0.0699969
0.0679402
0.0718856
0.0800697
0.0692127
0.0795731
0.0703856
0.0698862
0.0698434
0.0782542
0.0726379
0.0740897
0.0797849
0.0657389
0.0701963
0.073622
0.0712859
0.0678055
0.0765871
0.0672378
0.0742963
0.0914609
0.074542
0.0740878
0.0741619
0.0741085
0.0797196
0.068306
0.0707781
0.0697487
0.0675187
0.0771517
0.0743014
0.0700205
0.0816726
0.0754834
0.0730427
0.0659668
0.0783591
0.0741389
0.0711006
0.0711459
0.0677482
0.0647637
0.0739966
0.0697587
0.0778066
0.0758345
0.0701557
0.0727729
0.0697195
0.0717109
0.0688637
0.0698444
0.0654288
0.0675314
0.0736007
0.0831538
0.0680906
0.0764785
0.0655916
0.0667144
0.0751979
0.0698244
0.0703639
0.0645813
0.0692752
0.0733869
0.0687751
0.0662696
0.0755597
0.0710648
0.0774183
0.0725092
0.070593
0.0792981
0.0704949
0.0779693
0.0872607
0.0740691
0.0683056
0.0772894
0.0702446
0.0710596
0.0721325
0.0744378
0.0810938
0.0730558
0.0718293
0.0617684
0.0745103
0.0686009
0.0719842
0.0666671
0.0682656
0.0654689
0.0680702
0.0862371
0.0742311
0.0770985
0.0758927
0.0705898
0.0737515
0.0740845
0.0824302
0.0816063
0.0806131
0.0796664
0.0781603
0.08471
0.0837498
0.075126
0.0730737
0.0734469
0.0726306
0.0755065
0.0806026
0.071085
0.0708794
0.0778396
0.075292
0.0779488
0.0791324
0.0807612
0.0952885
0.0692476
0.0664328
0.0758729
0.0671493
0.0673003
0.0636356
0.0668584
0.0718377
0.0706643
0.0657914
0.0692232
0.0758788
0.072713
0.065138
0.0649521
0.0790452
0.0683823
0.0681931
0.0661813
0.0765011
0.0796425
0.0723953
0.0700661
0.0713248
0.0814159
0.066681
0.0761116
0.0777023
0.0822849
0.0827236
0.0852229
0.0891954
0.0893174
0.0934275
0.12867
0.127097
0.0740175
0.0730206
0.128767
0.0720506
0.0823121
0.0803362
0.0819172
0.0739208
0.079485
0.069163
0.0756528
0.0774071
0.0780292
0.0763361
0.0683808
0.0672241
0.0740765
0.0692515
0.0739109
0.0765528
0.0716644
0.0729544
0.072343
0.0726284
0.0731232
0.0761629
0.0623396
0.0789562
0.0782598
0.0746921
0.0707305
0.0684151
0.066448
0.0655429
0.069067
0.0776833
0.0765984
0.0722947
0.0725091
0.0713301
0.0728638
0.0700941
0.0683897
0.0724179
0.0720617
0.0725218
0.0680508
0.079566
0.0723773
0.0708348
0.0703324
0.0627749
0.0707022
0.0660713
0.0708594
0.0723074
0.0678806
0.0654889
0.0661541
0.0772408
0.0699801
0.0728832
0.0654753
0.0645278
0.0679541
0.0709703
0.0633827
0.0760065
0.080109
0.0682793
0.0660912
0.0836557
0.0721929
0.0771623
0.072339
0.0829466
0.0649371
0.0683153
0.0772156
0.0682966
0.0655751
0.0642264
0.0675787
0.0693661
0.0691084
0.0732485
0.0755033
0.0674697
0.0675836
0.0621648
0.0760877
0.0765131
0.0673773
0.0636025
0.0659225
0.0709208
0.0611391
0.0596302
0.0657955
0.0767853
0.0623939
0.0694952
0.0674048
0.063969
0.0686698
0.064918
0.0640241
0.0667576
0.0699332
0.0589338
0.186346
0.0858498
0.0788694
0.076604
0.0705361
0.0995691
0.0601648
0.0700229
0.0740304
0.0692657
0.0633766
0.0603833
0.0617072
0.0613895
0.064492
0.0585907
0.0578445
0.0622057
0.0690109
0.0602228
0.0713055
0.0662027
0.0649215
0.0635544
0.0608178
0.059638
0.0621956
0.0647424
0.0673609
0.0565727
0.0620415
0.065666
0.0709655
0.0701731
0.073326
0.0607711
0.060693
0.0652874
0.0636381
0.0610155
0.0602713
0.0697657
0.0652369
0.0685661
0.0638518
0.0688985
0.0768535
0.073905
0.0574718
0.0610493
0.0762256
0.0731162
0.0744637
0.0681714
0.0683667
0.0747284
0.0720414
0.0853438
0.0710255
0.0756387
0.0648067
0.0668689
0.0698935
0.0799931
0.0662321
0.0611226
0.0681
0.0675562
0.0677875
0.0668908
0.0652894
0.0646035
0.0738295
0.0766348
0.0798283
0.0730248
0.0734409
0.0677342
0.0678116
0.0669819
0.0621465
0.0616306
0.0619004
0.0686753
0.0711831
0.0726479
0.0627295
0.0756327
0.0713461
0.0743321
0.0734723
0.0723658
0.0659561
0.0685748
0.0711134
0.0734722
0.0713505
0.0653836
0.0728668
0.0662549
0.0695177
0.0698165
0.0638833
0.0715016
0.0798816
0.0718153
0.0717541
0.0810286
0.0674662
0.0672333
0.0826032
0.0706535
0.0745656
0.0687417
0.0617766
0.0708733
0.0715562
0.0749318
0.0766193
0.068505
0.0717519
0.0665445
0.0678051
0.0685238
0.0692785
0.0645605
0.0626714
0.0669249
0.0631317
0.0661679
0.0594199
0.0657943
0.0714714
0.0669741
0.0602661
0.0653591
0.0643689
0.0703014
0.0670809
0.0650775
0.060375
0.0610612
0.0687809
0.0681365
0.0746402
0.067489
0.0684127
0.0591875
0.0717279
0.0648205
0.0601523
0.0694967
0.0693147
0.0656252
0.0679317
0.0667241
0.0605442
0.0663075
0.0706258
0.0722955
0.0649248
0.0625959
0.0641548
0.0744868
0.0696347
0.0640903
0.0643758
0.0702778
0.0617875
0.0773074
0.0728748
0.0817837
0.0688706
0.0673417
0.0807601
0.0735633
0.0718892
0.0683877
0.075854
0.0746699
0.0726851
0.0749834
0.0790815
0.078208
0.0758798
0.0825664
0.0770774
0.0723983
0.0715492
0.0821415
0.0738696
0.0740597
0.0702748
0.0796101
0.0792607
0.0794948
0.0745754
0.0694299
0.0684075
0.0676732
0.0756477
0.0794236
0.0803734
0.0775239
0.0763185
0.0878881
0.0806033
0.0683184
0.0704398
0.0720092
0.0705451
0.0740528
0.0831201
0.082346
0.0769004
0.0765193
0.0787531
0.0750252
0.0813121
0.0827176
0.0774416
0.0813076
0.0772194
0.0774131
0.0810568
0.0856672
0.0784717
0.0850032
0.0826887
0.0742117
0.0736568
0.0931255
0.100316
0.114278
0.103192
0.102256
0.0869302
0.0833963
0.0916188
0.0989502
0.127783
0.117874
0.0758131
0.0821395
0.13291
0.0715208
0.0957029
0.0762702
0.0673396
0.0709817
0.080362
0.0768612
0.086261
0.0783774
0.074823
0.0765393
0.082988
0.0776109
0.0748956
0.0695499
0.0702438
0.0720122
0.0805338
0.0970844
0.0761935
0.0745074
0.0836374
0.0733768
0.0757677
0.0739548
0.0750649
0.0713081
0.073913
0.0902303
0.101269
0.0940487
0.095728
0.0912107
0.0909413
0.0838883
0.0709088
0.0912804
0.0936341
0.0998025
0.0908662
0.0917069
0.110327
0.0978254
0.123304
0.116177
0.116357
0.103588
0.122684
0.104808
0.104059
0.101222
0.101217
0.0994377
0.0983672
0.106107
0.102057
0.0992012
0.101393
0.0992038
0.089996
0.0905041
0.0809468
0.0798167
0.0744516
0.0809576
0.079564
0.082859
0.0751089
0.0812043
0.0763584
0.0808508
0.0798563
0.07856
0.0796717
0.0814782
0.0791236
0.0861682
0.0781717
0.0742798
0.0799872
0.0839224
0.0841445
0.0866824
0.0998209
0.0838953
0.0788193
0.102145
0.089955
0.0889154
0.0920459
0.0771853
0.0743555
0.0833828
0.0821628
0.0877178
0.0796686
0.0723193
0.0741456
0.0837746
0.0795895
0.0829507
0.0830835
0.0781366
0.0783713
0.0815419
0.0729801
0.0777241
0.0868848
0.0734005
0.0752539
0.0755645
0.07908
0.0776284
0.0896264
0.0777164
0.0775614
0.0751572
0.0789972
0.0864299
0.0794579
0.0862324
0.0908393
0.0801825
0.0751875
0.0794047
0.0824454
0.0860879
0.0751547
0.0870736
0.0775905
0.0764331
0.0747485
0.088403
0.0816581
0.108632
0.0949217
0.114154
0.117658
0.120081
0.109912
0.109303
0.101493
0.112186
0.108032
0.100689
0.104335
0.112629
0.108341
0.10112
0.0882898
0.0767439
0.0777913
0.0811165
0.0702176
0.0883798
0.0935103
0.0832826
0.0811774
0.0773302
0.0744829
0.0717857
0.0750987
0.0909872
0.0765655
0.0778121
0.0799762
0.0861484
0.0767346
0.0900599
0.0802235
0.0784873
0.0791844
0.0812315
0.0893736
0.092667
0.0796248
0.0863382
0.071521
0.0840974
0.0749278
0.078459
0.0839271
0.0746585
0.0782889
0.0750482
0.0784292
0.0804601
0.0734917
0.0877652
0.0809194
0.0875101
0.0781571
0.0837872
0.0718159
0.0816332
0.0763218
0.080757
0.0741782
0.0781027
0.0760889
0.0852873
0.0807127
0.0792632
0.0857123
0.0906285
0.0764473
0.0689523
0.0793785
0.0876069
0.0894972
0.0762905
0.0720144
0.0747422
0.0704985
0.0842515
0.0794494
0.0771836
0.0763209
0.0734904
0.0740958
0.0708324
0.0755604
0.0687679
0.0702567
0.0704816
0.0726112
0.0697278
0.0704246
0.0714573
0.0688551
0.0693426
0.0713919
0.0752358
0.0745355
0.0713418
0.0704666
0.0803015
0.0685865
0.0769399
0.0711808
0.0732948
0.0908284
0.0783853
0.0683841
0.0706087
0.0722325
0.0709897
0.0702896
0.0783783
0.0735583
0.0855244
0.0770649
0.0809134
0.0792369
0.0690575
0.0751065
0.0888742
0.0746645
0.0766578
0.0741876
0.0779433
0.0699618
0.0674394
0.0810922
0.074953
0.0773208
0.0748739
0.0747483
0.0870431
0.0793043
0.0817318
0.0793908
0.0800777
0.0788448
0.0826923
0.0788257
0.0764238
0.0789969
0.0870354
0.0877653
0.0872977
0.0825077
0.0813999
0.0886708
0.0836287
0.0941663
0.0810444
0.0877968
0.0807232
0.0798653
0.0831024
0.0768917
0.0860334
0.0825632
0.0783828
0.0763702
0.081316
0.0780357
0.0737979
0.0777204
0.0786909
0.0787027
0.0756671
0.0763082
0.0844904
0.0803374
0.0799196
0.081129
0.0852006
0.0840558
0.0826653
0.0803784
0.084654
0.0825195
0.0852691
0.0807824
0.0792073
0.0841567
0.0799831
0.0859202
0.0781651
0.0734044
0.08005
0.0965097
0.0815328
0.0866063
0.0779573
0.0835433
0.0880378
0.087991
0.0781847
0.0892606
0.0780081
0.0836362
0.0831843
0.0803273
0.0768174
0.081102
0.0806124
0.0832141
0.0879491
0.0788772
0.0783098
0.0837378
0.0828697
0.0780506
0.0892066
0.084908
0.0804171
0.0827358
0.0873186
0.0731949
0.081165
0.0759652
0.0822511
0.0952983
0.0862033
0.0760129
0.0768425
0.0834716
0.0765821
0.0821727
0.0993816
0.0751781
0.0781736
0.0764551
0.0745726
0.0832628
0.0882461
0.108422
0.127108
0.105994
0.103982
0.10877
0.100867
0.102764
0.111825
0.10695
0.11175
0.0889365
0.0805076
0.0816131
0.0739474
0.0768339
0.0863769
0.105874
0.0965734
0.0828773
0.079138
0.0808714
0.0946403
0.0917528
0.0813843
0.0849921
0.0708907
0.0792818
0.0821121
0.0781455
0.090356
0.0821196
0.0840003
0.0898945
0.0802632
0.076887
0.072538
0.078387
0.0847251
0.0761533
0.0746185
0.0914658
0.0935884
0.0925535
0.100063
0.0867851
0.0877586
0.0825735
0.0942724
0.0856377
0.0919709
0.0854781
0.0864554
0.0950854
0.105371
0.0905936
0.0851832
0.0778719
0.0841014
0.0721774
0.0811546
0.085873
0.0690977
0.0845062
0.0888495
0.0844676
0.0822792
0.0960017
0.0901805
0.0887227
0.0871703
0.0959143
0.0710537
0.0825444
0.0845016
0.0775989
0.0791256
0.113877
0.0927419
0.0826226
0.0823614
0.0796053
0.0829919
0.0752451
0.0799358
0.11756
0.113504
0.111452
0.110355
0.12428
0.11759
0.1083
0.110262
0.107722
0.111904
0.114589
0.124126
0.111411
0.0998932
0.0941816
0.0878025
0.0762593
0.0918336
0.0906205
0.0985979
0.0762738
0.091087
0.0833867
0.0788935
0.0865594
0.0812135
0.0813528
0.0879934
0.0889329
0.0956742
0.0788625
0.0758579
0.074794
0.0776354
0.0768816
0.0870612
0.086985
0.0876188
0.0825943
0.0837955
0.0865051
0.0785137
0.0663871
0.0743399
0.0834653
0.0747269
0.0831418
0.0846497
0.0694511
0.0800419
0.0788908
0.0820573
0.0795292
0.0713631
0.0800385
0.076554
0.077669
0.0780871
0.0708785
0.0785851
0.0777535
0.0754562
0.0845984
0.0867419
0.0865873
0.0971347
0.0751684
0.0735252
0.0749224
0.0788867
0.0788476
0.0871064
0.0849376
0.0770591
0.0750532
0.0730752
0.0796311
0.0752912
0.0794417
0.0875926
0.0852934
0.076291
0.0781387
0.0761479
0.0715414
0.0829141
0.0824957
0.0795956
0.0958969
0.0846957
0.0834586
0.0881545
0.0826111
0.0845257
0.0858405
0.0875057
0.0855809
0.0851422
0.0792986
0.0770123
0.0786509
0.0805632
0.0760723
0.105433
0.0799058
0.0861458
0.0874465
0.0775661
0.0802159
0.0756069
0.0892106
0.0751563
0.0817467
0.080827
0.0884576
0.0955917
0.0823369
0.0784253
0.0750822
0.0863352
0.0907608
0.0757999
0.0814316
0.0773343
0.0790722
0.0812747
0.0807904
0.0783398
0.0879253
0.0875175
0.08689
0.0821911
0.0760155
0.0784815
0.076391
0.0803031
0.072306
0.0763666
0.0761236
0.0884487
0.0826247
0.082475
0.084178
0.0760915
0.0719806
0.0764975
0.0766132
0.0759268
0.0707453
0.0756459
0.0859503
0.0774949
0.0762504
0.0809052
0.0692051
0.0843427
0.0824284
0.0829577
0.0734159
0.10058
0.0795407
0.0839069
0.0753283
0.0841539
0.0826098
0.0786725
0.0827528
0.0781663
0.0770886
0.0788449
0.0803498
0.0741893
0.0815914
0.0797217
0.0769183
0.0859099
0.102573
0.0995899
0.0958283
0.103823
0.0784687
0.0790641
0.0854626
0.0748681
0.0793887
0.0793884
0.0876725
0.0897057
0.087792
0.0764605
0.0790278
0.0706196
0.0789722
0.0711451
0.0822679
0.077883
0.0881427
0.079882
0.0999097
0.0833041
0.0899451
0.0825915
0.0816628
0.0763845
0.0903255
0.0755484
0.0762934
0.0852147
0.0952144
0.0811058
0.0832813
0.0831764
0.0745376
0.079083
0.0839487
0.0889339
0.0802009
0.0906418
0.081773
0.0994185
0.0910975
0.071218
0.081207
0.0913029
0.0749513
0.0829693
0.0888632
0.0803049
0.0937869
0.0910207
0.0728067
0.0773381
0.0761586
0.0807311
0.080265
0.0866477
0.0868314
0.0849523
0.0828045
0.0718304
0.0717115
0.0739321
0.0857091
0.0863726
0.0874365
0.0807674
0.0847164
0.0749502
0.0855121
0.076555
0.0748555
0.0790794
0.0819131
0.0946059
0.0858278
0.0791435
0.0915835
0.0907301
0.0797731
0.0845467
0.0892826
0.0911414
0.0827321
0.0764586
0.0803736
0.0707415
0.0880663
0.0808552
0.0856912
0.0950179
0.0955231
0.086702
0.0887447
0.0760478
0.0861585
0.0897767
0.0883871
0.088991
0.0837252
0.082758
0.0836696
0.0840868
0.0843469
0.0845045
0.0756572
0.0787599
0.0798392
0.0799202
0.0882967
0.0853797
0.0827966
0.0868268
0.0852402
0.0794676
0.0945987
0.0906189
0.0937514
0.0858593
0.0947139
0.0931259
0.093082
0.088802
0.0822983
0.0858042
0.0819769
0.0783616
0.0744293
0.0786395
0.0872704
0.0804944
0.0782208
0.0832147
0.0809485
0.080742
0.0783314
0.0800051
0.0865047
0.0776113
0.0830241
0.0813953
0.107843
0.0917912
0.0924837
0.0878415
0.0819196
0.0831265
0.0826901
0.0767238
0.0734077
0.0821704
0.085271
0.0855796
0.086763
0.0920689
0.0868536
0.0828937
0.0770873
0.0735333
0.0780859
0.0840774
0.0839819
0.0805094
0.0763912
0.0859575
0.0837246
0.0814383
0.0765906
0.0760846
0.0823691
0.0769133
0.0828704
0.0840407
0.08454
0.0775769
0.0876642
0.0898596
0.0763622
0.0771124
0.0857728
0.0815531
0.0896853
0.0838499
0.0781719
0.0798964
0.0781824
0.0826761
0.0805607
0.0827812
0.0802789
0.0780993
0.0840524
0.0841609
0.0812992
0.0830173
0.0844276
0.0830811
0.0768194
0.0830524
0.089015
0.081436
0.0858191
0.0853025
0.08143
0.0946201
0.0856597
0.0797225
0.0902789
0.0910176
0.0835861
0.0833278
0.0771885
0.0897181
0.088833
0.0889438
0.0848506
0.0821526
0.084879
0.0835476
0.0807461
0.0731382
0.0840346
0.0812179
0.0806174
0.0854749
0.101524
0.0769188
0.0818473
0.0742562
0.0795853
0.0837179
0.0778725
0.0798537
0.0808964
0.0863655
0.0802447
0.0821364
0.0858582
0.0751669
0.0803194
0.0781469
0.0734151
0.0905672
0.0878645
0.0828204
0.0771788
0.0840588
0.0802826
0.0785917
0.0781341
0.0817218
0.0953684
0.0823525
0.0918038
0.0755765
0.0779012
0.0723543
0.0722645
0.075317
0.0820349
0.0856142
0.0742331
0.0759138
0.071859
0.0817074
0.0729146
0.078053
0.0752335
0.0788494
0.077516
0.0874008
0.0798867
0.0768163
0.0815655
0.0823538
0.0894203
0.0814191
0.080078
0.0804078
0.0852245
0.0849332
0.077657
0.0757855
0.0808445
0.0914626
0.0957704
0.0843398
0.0813974
0.0800901
0.0765497
0.0742225
0.0882257
0.0792129
0.0920415
0.0791172
0.0742516
0.0747625
0.073501
0.0802528
0.0765575
0.0730399
0.0831749
0.0811847
0.0874074
0.0871439
0.0826512
0.0854981
0.0851655
0.0884094
0.0899608
0.0831278
0.08635
0.0851689
0.082621
0.0861609
0.0872424
0.101462
0.125388
0.102032
0.111095
0.0837332
0.089089
0.096923
0.108296
0.112939
0.131455
0.120006
0.119503
0.11529
0.114641
0.111461
0.108985
0.107295
0.101418
0.111332
0.114749
0.118602
0.138427
0.115323
0.119444
0.102851
0.089787
0.0865283
0.0926863
0.0944818
0.0933164
0.0920029
0.0786914
0.0856616
0.0791918
0.088018
0.0832058
0.0889728
0.0779024
0.087953
0.0893724
0.0833167
0.0876124
0.083952
0.0955414
0.0966495
0.0844908
0.0855675
0.090846
0.0875475
0.0863729
0.0972905
0.0821508
0.0791147
0.0881542
0.0880616
0.0927623
0.0844108
0.0949671
0.0891933
0.0972071
0.0880855
0.0853158
0.0799738
0.0809279
0.0810877
0.0909402
0.0832333
0.0941787
0.0950127
0.0871493
0.0857959
0.0841914
0.0971231
0.0846616
0.0817457
0.0898365
0.084991
0.0924035
0.081725
0.0910766
0.0812686
0.0903416
0.0948729
0.0964964
0.0925136
0.0881047
0.096653
0.102392
0.0931819
0.0881143
0.0930596
0.0968538
0.0958106
0.101282
0.0991293
0.0863757
0.0905815
0.079389
0.0904148
0.0834857
0.0892768
0.0895799
0.0916291
0.106432
0.0877854
0.0943126
0.0929837
0.0783428
0.0784963
0.0854399
0.0919467
0.0849698
0.0826995
0.0882713
0.0917037
0.09002
0.0938328
0.0865753
0.0851416
0.0910906
0.0826023
0.0918165
0.0941341
0.0944702
0.0893438
0.0941311
0.0896323
0.0954808
0.0861572
0.0914381
0.0852435
0.0903994
0.0842216
0.0787887
0.077121
0.0794922
0.0784751
0.0856442
0.0851056
0.0832601
0.0874729
0.0799709
0.0833391
0.0776449
0.0799575
0.0776103
0.0868874
0.0878474
0.0870624
0.0819223
0.0789364
0.112293
0.0852551
0.0840452
0.0902792
0.0815648
0.0871547
0.0801765
0.0850041
0.0806788
0.0798789
0.0861587
0.0861561
0.0795257
0.0855116
0.0838878
0.0816548
0.0810652
0.08586
0.0861495
0.0849474
0.0867157
0.086493
0.0914418
0.0814062
0.090563
0.0850287
0.0832756
0.0822362
0.0850146
0.0801776
0.0933058
0.0839201
0.0892625
0.0917477
0.0816138
0.0899617
0.0910586
0.0939975
0.0826185
0.0874491
0.0997555
0.0889675
0.0888452
0.0839713
0.0838603
0.0830221
0.0793911
0.0837411
0.0925064
0.0899818
0.0846255
0.0810899
0.0816263
0.0789207
0.0836695
0.0885317
0.0920172
0.0880731
0.0849699
0.0981814
0.0894343
0.0827375
0.084636
0.09293
0.0933873
0.0782611
0.0830954
0.0889508
0.0805735
0.0785155
0.0925978
0.0904201
0.0816062
0.0881202
0.088093
0.0817796
0.0755092
0.0813815
0.0868736
0.0822826
0.0841003
0.0830536
0.0861796
0.0929288
0.0870221
0.0919397
0.0885796
0.0923384
0.0836565
0.0817909
0.0810088
0.0857435
0.0847362
0.0892687
0.0931042
0.0836548
0.0832013
0.0873101
0.085656
0.0871693
0.0807459
0.089438
0.093065
0.0909337
0.0932355
0.119728
0.114127
0.144348
0.120218
0.107816
0.0792536
0.0736994
0.0788527
0.0966953
0.0972245
0.0827117
0.0818708
0.0802526
0.0855675
0.0838113
0.0861679
0.0848426
0.0841813
0.0821199
0.0826365
0.0827222
0.0765937
0.0836297
0.0818936
0.0863949
0.0863991
0.0782873
0.0824782
0.0859291
0.0971031
0.0870123
0.090447
0.0884026
0.0841328
0.0985016
0.0842467
0.0766918
0.0809896
0.0791342
0.0862985
0.0791153
0.08174
0.0838383
0.0787379
0.0865035
0.121834
0.0894276
0.0798163
0.089387
0.0937515
0.0882045
0.0892426
0.0823379
0.0850186
0.0854993
0.0824753
0.0785223
0.0856092
0.096462
0.0898553
0.0858634
0.0799809
0.0806223
0.105815
0.090192
0.0845161
0.0792765
0.0796189
0.0900833
0.0814355
0.080155
0.0864602
0.0799367
0.082132
0.0891686
0.0807283
0.0917685
0.0974779
0.0844504
0.084367
0.0838846
0.093268
0.0903134
0.09008
0.0896143
0.0897232
0.0845637
0.0903863
0.0881331
0.0847892
0.0868366
0.0844044
0.0986065
0.0869691
0.0878349
0.0782773
0.0875613
0.0861957
0.0831859
0.0835696
0.0860898
0.0863856
0.0943192
0.0834615
0.0857671
0.0886266
0.0831318
0.094029
0.0818992
0.0856608
0.0878442
0.0884941
0.0872758
0.0862443
0.0861848
0.104906
0.0863552
0.0850819
0.0767036
0.077822
0.0837429
0.080181
0.0834646
0.0870811
0.095706
0.0883284
0.188826
0.0881855
0.0835619
0.0923298
0.0885232
0.0908973
0.0896875
0.0831665
0.0903995
0.0888786
0.0872672
0.087431
0.0846672
0.080028
0.0989295
0.102015
0.100524
0.0930703
0.089811
0.0960999
0.0997972
0.0820469
0.0911285
0.0904352
0.0968935
0.0890678
0.0844629
0.106098
0.0830015
0.0932229
0.0825333
0.0857745
0.0940554
0.100825
0.0961748
0.0780884
0.0973381
0.0942084
0.0820085
0.0864669
0.0898239
0.0978041
0.0896827
0.0865881
0.0919063
0.0927887
0.0860964
0.0861651
0.0955624
0.102615
0.0950737
0.0926507
0.0837201
0.0955459
0.101296
0.0909863
0.0930817
0.0857879
0.0852557
0.0918042
0.0902441
0.101622
0.0912196
0.0968928
0.198762
0.0832213
0.0808477
0.0717121
0.0655108
0.0642872
0.058671
0.0607277
0.0601162
0.0629988
0.0617547
0.0640085
0.0681285
0.064782
0.06481
0.0570871
0.0590825
0.0645514
0.0802517
0.0584672
0.0626533
0.059537
0.0629002
0.0650683
0.0668062
0.0733226
0.0624928
0.0674944
0.0627492
0.0666269
0.0652191
0.0664554
0.0732159
0.074879
0.0719293
0.071721
0.0689901
0.0626854
0.0716562
0.0730247
0.064516
0.0649222
0.0728701
0.0698127
0.0705038
0.0657317
0.0654987
0.0648453
0.0739428
0.0618744
0.0659042
0.072095
0.0677605
0.0642483
0.0717555
0.0678649
0.0655182
0.0882778
0.0710846
0.0779796
0.073117
0.0732137
0.0694662
0.0725846
0.0684184
0.0778611
0.0837274
0.0741378
0.0683266
0.0694615
0.0686277
0.067616
0.0599358
0.0525825
0.0592928
0.0519536
0.0525486
0.0518414
0.0521444
0.051695
0.0520691
0.0571374
0.0739419
0.0697771
0.0623883
0.0617521
0.0610428
0.0601146
0.0579325
0.0604006
0.0655624
0.0590254
0.061411
0.0588022
0.0646384
0.0622454
0.0669722
0.0647179
0.0585161
0.0685612
0.0632993
0.0619409
0.0662654
0.0587053
0.0669835
0.0658958
0.0644126
0.062666
0.0634934
0.0705937
0.0651947
0.0794972
0.0791064
0.0748896
0.0650453
0.062064
0.0661182
0.0616593
0.0618597
0.0642273
0.0656485
0.0695814
0.0639565
0.0635697
0.0699277
0.0667687
0.066675
0.0624358
0.0656217
0.0613302
0.0672996
0.0660001
0.068731
0.0672543
0.0743975
0.0773721
0.071672
0.081554
0.0728095
0.0664375
0.0625588
0.0572254
0.0704822
0.068347
0.0686469
0.0697595
0.0714748
0.0709005
0.0771508
0.0697239
0.0636751
0.0736657
0.0679872
0.0652098
0.0697416
0.0737374
0.0572779
0.0614866
0.0621561
0.0554359
0.0654923
0.0615662
0.0741561
0.0772703
0.0690054
0.0765152
0.0685387
0.0695896
0.0740445
0.0728169
0.0706575
0.0720273
0.081439
0.101567
0.105119
0.0744735
0.067501
0.0811703
0.0744871
0.0592267
0.0632937
0.0766342
0.0627489
0.0679968
0.0622357
0.0658824
0.0689812
0.0627699
0.0699439
0.062557
0.0705319
0.0722464
0.0803065
0.071021
0.0687563
0.0800927
0.0681699
0.0720301
0.0675395
0.0765087
0.0707496
0.0684439
0.0731951
0.0679058
0.0754091
0.0779163
0.0754673
0.0711116
0.0778443
0.0763927
0.0782116
0.0719512
0.0716658
0.0851456
0.0812662
0.0683286
0.0738465
0.0765506
0.0710366
0.0669175
0.0696593
0.0744136
0.0711574
0.0745559
0.0626167
0.078817
0.0698871
0.0708863
0.072622
0.062125
0.0673845
0.0651395
0.0839398
0.0735977
0.0751202
0.0682415
0.0752639
0.0615057
0.0808104
0.0725523
0.087555
0.077931
0.0771004
0.0715694
0.0706895
0.0784413
0.0671586
0.0775604
0.077391
0.0777622
0.0722696
0.0719975
0.0679795
0.0702858
0.0779857
0.0664211
0.0737584
0.0730069
0.0786206
0.0838063
0.081179
0.0766635
0.0705551
0.0823845
0.0751336
0.0765849
0.0748573
0.0898214
0.0736121
0.0853874
0.0854479
0.0792835
0.0828935
0.0581223
0.0705232
0.0586722
0.0754011
0.0774953
0.0751076
0.0756376
0.0759263
0.0833208
0.0681675
0.0817032
0.080203
0.0750526
0.0831173
0.0719889
0.0889003
0.0733894
0.0862772
0.0803516
0.0757047
0.0763705
0.0953482
0.0801057
0.0869745
0.0808384
0.082135
0.0884204
0.0731512
0.0757859
0.0765146
0.0791888
0.0713562
0.0843862
0.0571855
0.0641304
0.0606347
0.0581366
0.0645816
0.0653564
0.0606597
0.0736866
0.0820918
0.0758745
0.0883618
0.0833676
0.08009
0.0771442
0.0801343
0.0786164
0.0843948
0.0811489
0.0790561
0.0828112
0.080291
0.0823347
0.0742763
0.0784421
0.0803555
0.083677
0.074835
0.0739106
0.0781769
0.0764438
0.0803536
0.0892608
0.0815495
0.0668144
0.0799611
0.0759742
0.0696402
0.0661046
0.0637108
0.069407
0.0712312
0.0687679
0.079705
0.071186
0.0686972
0.145772
0.0987919
0.106716
0.0791118
0.100518
0.120376
0.108354
0.106443
0.0665327
0.0804846
0.0884798
0.0834784
0.0842232
0.0811817
0.0924117
0.0669373
0.0854262
0.078463
0.0816481
0.0763492
0.0864973
0.0808579
0.0808744
0.092944
0.0876889
0.0814626
0.0888124
0.0847488
0.0830914
0.0857884
0.0943956
0.085874
0.083911
0.0774827
0.0747649
0.0760258
0.068666
0.0827607
0.0739525
0.073444
0.0646531
0.0852687
0.0716033
0.0829125
0.0749223
0.0703869
0.0712094
0.0742481
0.0740293
0.0763217
0.0759091
0.0765602
0.0733532
0.0771627
0.0696988
0.0710499
0.0733878
0.0825546
0.0700272
0.0718828
0.0725178
0.0775902
0.064979
0.0876379
0.0791795
0.0769153
0.0847004
0.0748828
0.069788
0.0741546
0.0508325
0.0479648
0.0504363
0.0579912
0.0513647
0.0500743
0.059646
0.0524318
0.0499583
0.049572
0.050783
0.0486239
0.0524686
0.0564112
0.0560108
0.0515653
0.0535292
0.0508056
0.0512044
0.0500794
0.0630039
0.058791
0.0510828
0.0564179
0.0516737
0.0523875
0.0497535
0.0540021
0.0543044
0.0520055
0.0521188
0.0658523
0.0538724
0.058967
0.061363
0.053005
0.0665353
0.0513081
0.066883
0.0662262
0.0619788
0.0721516
0.0634425
0.0576897
0.0578306
0.0694064
0.0723901
0.073874
0.0610047
0.0602252
0.0572277
0.0617564
0.0677052
0.0639935
0.0714465
0.0600356
0.0718912
0.0645315
0.065679
0.0627971
0.0726572
0.0699686
0.0661572
0.0717335
0.0678003
0.0668644
0.0716481
0.0676085
0.0689683
0.0614469
0.065392
0.075647
0.0729231
0.0644565
0.0605372
0.0684312
0.0639226
0.0626233
0.0707909
0.0635699
0.065019
0.064532
0.0613155
0.0683146
0.0634416
0.0607115
0.0673493
0.0706719
0.0638452
0.0619545
0.0621672
0.0636409
0.0645399
0.0728699
0.0727484
0.0614226
0.0625212
0.064981
0.0648717
0.0701831
0.0608202
0.062166
0.071097
0.0665995
0.0654235
0.0634241
0.0640701
0.0608683
0.065233
0.0619413
0.0648702
0.0669141
0.073735
0.0659521
0.0633574
0.0694495
0.0670616
0.0647526
0.0696136
0.0644724
0.0737456
0.0607402
0.0708027
0.0707462
0.0655185
0.0625951
0.0725973
0.06373
0.0693205
0.0684716
0.064137
0.0615219
0.0582698
0.0667335
0.0612385
0.070399
0.0748331
0.0621516
0.0621467
0.0600648
0.0675206
0.0722998
0.0631196
0.0620713
0.0732584
0.0741015
0.0645835
0.0640527
0.0743841
0.0683343
0.0643637
0.0697859
0.0708759
0.064916
0.0664084
0.0667998
0.0658354
0.0772456
0.0704377
0.068232
0.0686797
0.0645627
0.0728156
0.0654824
0.0676522
0.0677021
0.0728314
0.0734828
0.0695118
0.068205
0.0662986
0.0656964
0.0617411
0.067051
0.0732787
0.0649226
0.0678657
0.0670934
0.0664987
0.071301
0.0736222
0.0711268
0.069612
0.0735399
0.0719067
0.075479
0.0707293
0.0694967
0.0675234
0.0761005
0.0694602
0.068679
0.073406
0.067982
0.079963
0.074351
0.0651249
0.0715732
0.0677527
0.068205
0.0747188
0.0674778
0.0699152
0.0726333
0.0699424
0.065324
0.0752406
0.072312
0.0816624
0.0727628
0.0792671
0.0721909
0.0714886
0.0732623
0.0748456
0.0822304
0.0836982
0.0857069
0.0764777
0.0726433
0.0717561
0.0716201
0.0719524
0.0720583
0.0784822
0.0735523
0.0780862
0.0734157
0.0755292
0.0737244
0.0874215
0.0807435
0.0795525
0.0969192
0.0907439
0.0958917
0.0830831
0.0874243
0.128069
0.114345
0.0697772
0.0816307
0.136516
0.0736303
0.0866015
0.078306
0.0735898
0.0699168
0.0702629
0.0661619
0.0687471
0.0718968
0.0716518
0.0690511
0.0737296
0.0717443
0.0760994
0.0843575
0.0695128
0.0715533
0.0740516
0.0806629
0.0745298
0.0678669
0.0769615
0.0691621
0.0665412
0.0847086
0.0750491
0.0696374
0.075552
0.0772659
0.0667601
0.066428
0.0741383
0.0696133
0.0697505
0.0750074
0.0737245
0.0727691
0.0681989
0.069641
0.0728487
0.0681722
0.0671193
0.065247
0.0674618
0.0713797
0.0641631
0.0672624
0.0674415
0.0668634
0.0688857
0.07444
0.0694694
0.0676624
0.0694683
0.069441
0.0717724
0.0685178
0.0731981
0.0714978
0.0655295
0.074078
0.0691093
0.0662305
0.0667825
0.0697174
0.0760387
0.0812746
0.0678894
0.0686566
0.0702935
0.069217
0.06586
0.0686436
0.067337
0.061532
0.066688
0.0722344
0.0718103
0.071812
0.0720831
0.0672839
0.069613
0.0677438
0.0724655
0.0641071
0.0662001
0.0805688
0.0746791
0.0757332
0.0683603
0.0621761
0.064793
0.0636358
0.0637284
0.0607836
0.0704407
0.064785
0.0664717
0.0654947
0.0634498
0.0694181
0.0667322
0.0710451
0.0682127
0.0675749
0.069608
0.0690512
0.0666693
0.066681
0.0644013
0.064995
0.0627318
0.0709783
0.0633267
0.0691173
0.0659721
0.0639258
0.0651699
0.0624541
0.064768
0.069865
0.0745815
0.0680305
0.0676867
0.0630314
0.0655411
0.0675308
0.0666892
0.0742065
0.0682945
0.0649947
0.0687495
0.0747859
0.0854948
0.0782381
0.0676175
0.0702588
0.0684581
0.068825
0.0710069
0.0745438
0.0744493
0.0777155
0.0751042
0.0775629
0.0699169
0.0714138
0.068541
0.0661837
0.0707873
0.0697938
0.07714
0.0730673
0.0721151
0.0650951
0.0632634
0.0722344
0.0668491
0.0694646
0.0942488
0.0977421
0.0778382
0.0809794
0.0736371
0.0876587
0.0677679
0.0651425
0.0654021
0.067928
0.0618267
0.0631779
0.0631262
0.0642795
0.080462
0.0781252
0.0952016
0.0783124
0.0624724
0.0617721
0.0662058
0.0657418
0.0668538
0.0683714
0.063897
0.0662476
0.063384
0.0678387
0.060493
0.0645732
0.0684362
0.06132
0.0605126
0.0673537
0.0584548
0.0655027
0.0649032
0.0840322
0.069853
0.0681838
0.07026
0.0698093
0.0778515
0.07341
0.0781425
0.0820119
0.073577
0.0705954
0.078734
0.0746622
0.0757993
0.0743333
0.0819514
0.0901595
0.0873891
0.0777694
0.0870171
0.0801347
0.0828337
0.0838658
0.076747
0.0728574
0.0775139
0.0722702
0.0815059
0.0725539
0.0787169
0.0805699
0.0771953
0.0725214
0.0831526
0.0756711
0.0710377
0.0742776
0.0742355
0.0713451
0.078572
0.0848852
0.0772161
0.0772767
0.0755639
0.0868309
0.0728607
0.0724871
0.0741553
0.07684
0.0688302
0.0624483
0.0614378
0.0605092
0.0678518
0.0649078
0.0614386
0.0603092
0.0582321
0.0674768
0.0641388
0.0581824
0.0609431
0.0551472
0.0740108
0.0591707
0.0643171
0.0638095
0.0602514
0.0655862
0.0655887
0.0579606
0.0621288
0.0607248
0.0616589
0.0642844
0.0604345
0.0635145
0.0577887
0.056256
0.0546727
0.0626779
0.064998
0.0705631
0.0631123
0.0603609
0.0715999
0.0635571
0.065586
0.0614808
0.0626215
0.0649025
0.0601769
0.0617163
0.068713
0.0701595
0.0685362
0.0641089
0.0753014
0.0692907
0.0655456
0.0723853
0.067805
0.0676317
0.0801348
0.0715808
0.0653382
0.0741891
0.0725248
0.0705751
0.0656467
0.0735143
0.0704439
0.08408
0.0736261
0.076988
0.06693
0.0748058
0.077247
0.0719625
0.077491
0.0691366
0.0776013
0.083078
0.0741117
0.0744638
0.0752282
0.0635528
0.054763
0.0554634
0.0558333
0.0552063
0.0632526
0.0614732
0.0610881
0.0494501
0.0571964
0.0517832
0.0523693
0.0553461
0.0565099
0.0559617
0.0567251
0.0568915
0.0546183
0.0572911
0.0521272
0.0514659
0.0550681
0.0624686
0.0576761
0.054768
0.0499701
0.0514274
0.0606904
0.0506306
0.0533221
0.0565551
0.0601919
0.0606064
0.056481
0.0582634
0.0670433
0.0684239
0.0569869
0.050993
0.0625925
0.0543596
0.0602302
0.056107
0.0709233
0.0757023
0.0618638
0.0649154
0.0674512
0.0677171
0.0684227
0.0688039
0.0620704
0.0747018
0.0682709
0.068836
0.0625967
0.0593939
0.0701819
0.071269
0.0667787
0.0700788
0.0702415
0.0613922
0.0717171
0.0602893
0.0652269
0.0677312
0.0674547
0.0574495
0.0664408
0.0600763
0.0565849
0.0633478
0.0595447
0.0672448
0.0641293
0.0759923
0.0700727
0.0672375
0.0667979
0.0850434
0.0596517
0.0661957
0.060653
0.0611676
0.0664919
0.0695571
0.062923
0.0682735
0.0627952
0.0664335
0.070829
0.0723124
0.0723973
0.0661076
0.0794241
0.0684597
0.0760791
0.0685686
0.0659036
0.0630099
0.0632127
0.065504
0.0695565
0.0762674
0.0660506
0.0733211
0.0722635
0.0626088
0.0684302
0.0676684
0.0779564
0.0654388
0.0698415
0.0658205
0.0610242
0.064424
0.0650113
0.0676458
0.0675634
0.0610782
0.0725686
0.0753918
0.0782655
0.0756364
0.0698716
0.0610823
0.0649634
0.0672134
0.0740797
0.0660691
0.0669659
0.0702239
0.0656114
0.0634622
0.0675096
0.0759156
0.0775567
0.0650787
0.0724443
0.0756821
0.0688342
0.0745805
0.0740594
0.0684629
0.0693964
0.0650193
0.0740862
0.0698823
0.0676417
0.0687997
0.0774525
0.0732472
0.0709349
0.0757337
0.0649211
0.0629452
0.059228
0.0587091
0.0574459
0.0539189
0.0529221
0.0607883
0.0535361
0.0543251
0.0568672
0.0553376
0.053574
0.0547715
0.0571251
0.0605249
0.0589258
0.0549267
0.0548764
0.0539504
0.0560432
0.0574761
0.0572325
0.0530511
0.0548562
0.0546797
0.0511044
0.0516616
0.0564183
0.0531221
0.0577045
0.0526505
0.0632093
0.0591818
0.0590632
0.0639774
0.0605082
0.0587712
0.0584295
0.0666424
0.0687638
0.061796
0.0609928
0.0666896
0.0643454
0.0602281
0.0658134
0.0637246
0.0791834
0.0623244
0.0645186
0.0578998
0.0643871
0.0614124
0.0605079
0.0613844
0.0658287
0.058931
0.0639406
0.0650503
0.0664892
0.0654524
0.0659501
0.0640058
0.0604952
0.0607214
0.0624252
0.0617004
0.0624969
0.0612508
0.0650225
0.0659155
0.0703689
0.069716
0.0611398
0.0694941
0.0698929
0.0650384
0.0668583
0.0647017
0.0689319
0.0642493
0.0640773
0.070181
0.0640138
0.067801
0.0640655
0.0615375
0.0640754
0.0633558
0.0607419
0.0610095
0.0612601
0.061269
0.0599918
0.0615553
0.069148
0.0682225
0.0793287
0.0636722
0.0660891
0.0613888
0.0733802
0.0616631
0.0724667
0.0664785
0.0633628
0.0712012
0.0708823
0.0666674
0.059311
0.065937
0.0663276
0.0691214
0.0641785
0.0697
0.0663897
0.0658476
0.0624513
0.0655397
0.0614544
0.0654365
0.0657506
0.0683561
0.0639385
0.070215
0.0717178
0.0690927
0.0650599
0.0661766
0.0870089
0.0677069
0.0673701
0.0776619
0.0663171
0.0690777
0.0643949
0.0738553
0.0652526
0.0687291
0.0800037
0.072764
0.0636395
0.070377
0.0619911
0.0675336
0.0645667
0.0697834
0.0699972
0.0753187
0.0722451
0.065996
0.0665752
0.0737459
0.0755227
0.0794414
0.0739575
0.0774994
0.0579357
0.0599611
0.0580426
0.0612357
0.0573326
0.053616
0.0562277
0.0534471
0.0552543
0.0522908
0.0529914
0.0528041
0.0576956
0.0549065
0.0512529
0.0561947
0.0582134
0.0520473
0.0537783
0.055835
0.0589838
0.0562097
0.0603627
0.0599581
0.0572282
0.0536966
0.0594355
0.0535045
0.0561892
0.0514613
0.0654886
0.0610455
0.0553567
0.0523201
0.0553138
0.0536798
0.0628807
0.0563454
0.0628408
0.0611818
0.060747
0.0601389
0.0612379
0.0585373
0.0583996
0.0587529
0.0577018
0.0610954
0.0611633
0.0586607
0.0586698
0.0640469
0.0665735
0.0731537
0.0679357
0.0659767
0.0707969
0.0754374
0.0701054
0.0693407
0.0605873
0.0597146
0.0735737
0.0658288
0.0686747
0.0682989
0.0627568
0.0661048
0.0599725
0.0607443
0.064063
0.0685804
0.0652852
0.0657914
0.0637304
0.0611788
0.0653055
0.0614944
0.0682
0.0654789
0.0706077
0.0821082
0.0671915
0.0629364
0.0633151
0.0667231
0.0654249
0.0681055
0.0691482
0.0671754
0.0629867
0.0682909
0.0700277
0.0716517
0.0614552
0.062755
0.0670488
0.0657521
0.0689958
0.060364
0.0594941
0.0674385
0.0700995
0.0654049
0.0626793
0.0651469
0.0654806
0.0591722
0.0583949
0.061972
0.0648097
0.0670829
0.0660183
0.0704858
0.0900333
0.06551
0.0611265
0.060818
0.0697728
0.0648946
0.0677416
0.0631672
0.0639508
0.0588332
0.0687432
0.0742544
0.0672357
0.0667592
0.0650986
0.0596662
0.0619169
0.0684904
0.0701379
0.0647327
0.0686678
0.0650696
0.0635259
0.0667948
0.0581133
0.0677557
0.0694575
0.0666843
0.0645622
0.0637977
0.0668888
0.0618429
0.0619934
0.0646721
0.0651795
0.0635209
0.0648071
0.0644162
0.065092
0.0648532
0.0636992
0.0671229
0.0615821
0.0669221
0.066708
0.064149
0.0711302
0.0648649
0.0643333
0.0657939
0.0671547
0.0774384
0.0690509
0.0720702
0.06506
0.0669223
0.0662516
0.0706843
0.0695518
0.0784412
0.0812115
0.0727432
0.0747578
0.0690682
0.0692036
0.0697997
0.0633022
0.0544901
0.0507869
0.050711
0.0544241
0.0508197
0.0757733
0.0521872
0.0607023
0.0507897
0.0540417
0.0510845
0.0530092
0.0581595
0.054457
0.0535321
0.0544726
0.0542888
0.0539737
0.0527774
0.0564792
0.058932
0.0608143
0.0562728
0.0543926
0.0522586
0.059292
0.0616721
0.0479575
0.0559999
0.054653
0.053701
0.0568844
0.0571675
0.0594672
0.0548129
0.0605101
0.0617278
0.0622264
0.0541073
0.0639768
0.059659
0.068355
0.0641382
0.066545
0.0614378
0.0663944
0.0759287
0.0660599
0.0614854
0.0685536
0.059848
0.0669878
0.0605594
