0.0165419
0.0216871
0.0114786
0.0134832
0.0165834
0.0166276
0.0148865
0.0152245
0.0183589
0.0164296
0.0179481
0.0145513
0.0161859
0.0154791
0.0163306
0.0162731
0.01539
0.0153022
0.0245681
0.0161595
0.0152869
0.0191563
0.0144049
0.0150581
0.016716
0.0177382
0.0206403
0.0159897
0.01411
0.0193352
0.0181159
0.0157685
0.0148891
0.0146493
0.0191097
0.0189298
0.0167496
0.0154915
0.0175781
0.0164464
0.020269
0.0197858
0.0196363
0.0213567
0.0160964
0.0199746
0.0186002
0.0173246
0.0184993
0.0203154
0.0217811
0.0194303
0.0190224
0.0192667
0.0213602
0.0189315
0.0174333
0.0172467
0.0187891
0.0159872
0.0197989
0.016711
0.0194667
0.0182445
0.0186477
0.0184514
0.0192684
0.0202296
0.0200685
0.0177502
0.018836
0.0159744
0.0193835
0.017622
0.0153524
0.0168657
0.0197004
0.0190799
0.018294
0.0187904
0.0182044
0.0173845
0.0172395
0.0223983
0.0241922
0.0226331
0.0177017
0.0188213
0.0196491
0.0179693
0.0191419
0.020957
0.019628
0.0199552
0.0197791
0.0176975
0.016685
0.0206755
0.0190218
0.0209121
0.0200209
0.0168645
0.0178563
0.0180259
0.021433
0.0153158
0.0203053
0.0168815
0.0182872
0.0188319
0.01851
0.0171401
0.0170335
0.0210204
0.0235569
0.023395
0.0192928
0.0168831
0.0197264
0.0164951
0.0243944
0.0258655
0.0180107
0.0198322
0.0184735
0.0190159
0.0250341
0.0241863
0.0203411
0.0172692
0.0204163
0.0203775
0.0171478
0.0159823
0.0177031
0.0199181
0.0184615
0.020127
0.0182151
0.0174776
0.0209826
0.019213
0.0192818
0.0195147
0.0186895
0.0162658
0.0174232
0.0177223
0.0166797
0.0162244
0.0178778
0.0154607
0.0186067
0.0188624
0.0163747
0.015903
0.0183308
0.0197702
0.0183273
0.0155371
0.0162583
0.0217603
0.0169946
0.014506
0.0161621
0.0167162
0.0195063
0.0186848
0.019389
0.0161375
0.0181137
0.0192605
0.0208891
0.0215931
0.0231141
0.0228403
0.0194438
0.0183543
0.0196061
0.019496
0.0196474
0.0188146
0.0195863
0.0207175
0.0177034
0.02144
0.0263621
0.0189562
0.0162157
0.0227836
0.0168593
0.0177109
0.0173545
0.0184224
0.0174296
0.0169449
0.0161882
0.0214114
0.0211076
0.0204659
0.0160533
0.0164526
0.0168934
0.017453
0.0211935
0.0206449
0.0175809
0.018767
0.0162206
0.0183439
0.0186229
0.0174566
0.0169883
0.0195451
0.0226733
0.016505
0.0176553
0.0161081
0.0160576
0.0174638
0.0175495
0.019103
0.0210116
0.0172924
0.0171244
0.0187887
0.0193172
0.0168604
0.0171965
0.01811
0.0145808
0.0156673
0.0130166
0.0134372
0.0159961
0.0154863
0.0144991
0.0141257
0.0153112
0.013881
0.014138
0.016562
0.0167264
0.0133768
0.0135158
0.0130456
0.0133053
0.0138296
0.0148212
0.0149289
0.0136167
0.0161678
0.0155402
0.0168889
0.0210562
0.0151799
0.014312
0.0140806
0.0155628
0.0146793
0.0139426
0.0156443
0.0148617
0.0162263
0.0185007
0.0175889
0.0155869
0.0206991
0.0160498
0.0163028
0.0168476
0.0164452
0.0207002
0.0187416
0.0156678
0.0188723
0.0164246
0.0138651
0.017518
0.0155845
0.0215749
0.0183164
0.0168825
0.0146399
0.0147895
0.0155203
0.0171496
0.0165334
0.0159266
0.0203482
0.0149683
0.0153163
0.014049
0.0183581
0.0159554
0.0149223
0.0144994
0.0151456
0.0161305
0.0174842
0.0139788
0.0146195
0.0150667
0.0173315
0.0192306
0.0149501
0.0161919
0.0168485
0.0152082
0.0166944
0.0166764
0.0176489
0.0159475
0.0187826
0.0177612
0.0173876
0.0173033
0.0176048
0.0202947
0.0168467
0.0158749
0.0171303
0.0201384
0.0172686
0.0160054
0.0172875
0.0184013
0.0216286
0.0204687
0.0170392
0.0153692
0.0206752
0.0182149
0.021631
0.0203971
0.0214166
0.0224976
0.0269792
0.0183996
0.0216806
0.0263752
0.020474
0.0164009
0.0150916
0.0163956
0.020526
0.0201987
0.0164273
0.0166852
0.0159371
0.0212487
0.0144221
0.0166768
0.0160961
0.0177961
0.0212855
0.01564
0.0181569
0.0163583
0.0217115
0.0189737
0.0151291
0.0168306
0.0202492
0.0160457
0.0169475
0.0161306
0.0210267
0.0182607
0.0159452
0.0162746
0.014319
0.022284
0.0141296
0.0166882
0.0154212
0.0159495
0.0197858
0.0176176
0.0196456
0.0188463
0.0153711
0.0183033
0.0217271
0.0206802
0.0176833
0.0173592
0.0291697
0.0224487
0.0217468
0.0236537
0.0255595
0.0236792
0.0242753
0.0245121
0.0229137
0.0263598
0.0257591
0.0229359
0.0223527
0.0221068
0.0172797
0.0208104
0.0181252
0.0163339
0.0178081
0.0176693
0.0201875
0.0204169
0.0181878
0.0161263
0.0168316
0.0159399
0.0203003
0.0200216
0.0182837
0.0307242
0.0278958
0.0231363
0.0218757
0.0214955
0.0237198
0.0228753
0.0163295
0.0178754
0.0186862
0.0194749
0.0190745
0.0200469
0.0181183
0.0178796
0.02086
0.0156419
0.0187351
0.0215906
0.015271
0.0170511
0.0193451
0.0192504
0.0163515
0.0207585
0.01672
0.0165118
0.0213676
0.0180953
0.0186625
0.0168849
0.0160767
0.02092
0.0166997
0.0180918
0.0176613
0.0170784
0.0181576
0.0209438
0.0159579
0.0184852
0.0149326
0.0173791
0.0166289
0.0207316
0.016918
0.0181188
0.0156414
0.0185554
0.0228295
0.0281759
0.0147907
0.0167332
0.0182811
0.0166879
0.0159594
0.0171539
0.0187749
0.0158947
0.0162746
0.015412
0.0159919
0.0167288
0.0200877
0.0182792
0.0163617
0.0181744
0.0266014
0.0235873
0.0247842
0.0256872
0.0228891
0.024159
0.0202505
0.0149125
0.0172733
0.0222849
0.0182942
0.018469
0.0194311
0.0209527
0.0184702
0.019915
0.0175449
0.0176352
0.0257578
0.025952
0.0266638
0.0258607
0.0293734
0.0240088
0.0227385
0.0257438
0.0239927
0.0254163
0.0238824
0.0239561
0.0231129
0.0160199
0.0177877
0.0165463
0.0188747
0.0175416
0.0195834
0.0187577
0.0178364
0.0193595
0.0180308
0.0193275
0.0174546
0.0172999
0.0186266
0.0199754
0.0194929
0.0260626
0.0276039
0.0276848
0.0318886
0.0298155
0.0266163
0.0274766
0.0298371
0.0300994
0.0285325
0.0274161
0.0277513
0.0263634
0.0253222
0.0268676
0.0296817
0.0306672
0.0292541
0.0198415
0.0206078
0.0187415
0.0279811
0.0283575
0.0263708
0.0271887
0.0277591
0.0271298
0.0252118
0.0287679
0.0246657
0.0261564
0.0250142
0.0183365
0.0196675
0.0197675
0.0189479
0.0164953
0.0194298
0.0189497
0.0180755
0.0167122
0.0177594
0.0226818
0.0185271
0.0184602
0.0227334
0.019357
0.0171614
0.0203686
0.0221772
0.0204241
0.0223962
0.0168902
0.0198143
0.0177629
0.019274
0.019455
0.0203855
0.0206449
0.0185187
0.0184944
0.0292679
0.0273982
0.0283489
0.0304478
0.0292321
0.0223973
0.020425
0.0203276
0.0170785
0.0199337
0.0204306
0.0172346
0.0213551
0.0214186
0.0190385
0.0198834
0.0205127
0.0202368
0.0215442
0.0205303
0.0207555
0.0263314
0.0264992
0.0222453
0.0203662
0.0180241
0.0181612
0.0198103
0.020647
0.0194078
0.0210865
0.0213062
0.0173134
0.0174379
0.0194706
0.0204339
0.0210466
0.0181333
0.0219007
0.0178697
0.0182003
0.0190144
0.0201216
0.0220097
0.0183654
0.019504
0.0202293
0.0215714
0.0177968
0.0176851
0.0209525
0.0195025
0.0188187
0.0202512
0.0199979
0.0177563
0.0207641
0.0175964
0.0205426
0.0202629
0.0193181
0.0177576
0.0196761
0.0227803
0.0172182
0.0201346
0.0201532
0.0225177
0.0188843
0.019132
0.0188072
0.0225254
0.0199302
0.0195272
0.0179853
0.0176723
0.0195551
0.0213177
0.0217447
0.0210283
0.0172332
0.0186686
0.0182013
0.0189364
0.0183354
0.0179239
0.0191155
0.018241
0.0179136
0.0193076
0.0207686
0.0247273
0.0262938
0.0178585
0.0225272
0.0225939
0.0205194
0.0180941
0.0172853
0.0226332
0.0295562
0.0215693
0.0223631
0.0217601
0.0193013
0.0214813
0.0202995
0.0191484
0.0184966
0.0215383
0.0205557
0.0193581
0.018971
0.0204562
0.0212466
0.020671
0.018613
0.0189971
0.0200888
0.0211879
0.0231215
0.0172619
0.0182402
0.022343
0.0188791
0.0209366
0.0197843
0.0203198
0.0210647
0.0209699
0.0214694
0.0206928
0.0218095
0.0198252
0.0191626
0.0208644
0.0230842
0.0246773
0.0197949
0.0232098
0.0210919
0.0221759
0.0206878
0.0206358
0.0199082
0.0229798
0.0225144
0.0211077
0.0248284
0.0197178
0.0212963
0.0200009
0.0223649
0.0229879
0.0238837
0.0218197
0.0226424
0.0205333
0.0201709
0.0184313
0.019721
0.0209664
0.0204091
0.0197334
0.0201483
0.0264663
0.0210818
0.0227543
0.0219273
0.0250227
0.0267421
0.0211831
0.0201282
0.0204337
0.0196078
0.0220035
0.0232693
0.023876
0.0228633
0.0201098
0.0224342
0.0203629
0.0185303
0.0207991
0.0199498
0.0209452
0.0196018
0.027955
0.0269857
0.0215789
0.0229952
0.0227733
0.0211861
0.0230283
0.0248463
0.0237372
0.0228042
0.0205099
0.021634
0.0208922
0.0214992
0.0228628
0.0230637
0.0257274
0.0238514
0.0247833
0.0241211
0.0204685
0.0262805
0.0258489
0.0249002
0.0273451
0.0274249
0.0237361
0.0221819
0.0270184
0.0259357
0.0234858
0.0230985
0.0229927
0.0257341
0.0250551
0.0257935
0.0246351
0.0265813
0.0245282
0.0255626
0.0229593
0.0239151
0.0234967
0.0258884
0.0236881
0.0243825
0.0214855
0.0243364
0.0344391
0.033408
0.0344103
0.0315104
0.0306253
0.0263105
0.0358639
0.0340219
0.0343184
0.0324473
0.0258105
0.0253427
0.0293736
0.0324183
0.0223101
0.0197994
0.0326743
0.0322379
0.0317093
0.0229081
0.0242938
0.0254683
0.0335389
0.0289576
0.0359718
0.0273627
0.0234985
0.0240199
0.0217777
0.0210937
0.0205477
0.0251581
0.0274881
0.0231057
0.0251521
0.0271383
0.0263056
0.024762
0.0213345
0.0265614
0.0255055
0.0235639
0.0232494
0.0260254
0.0318553
0.0336064
0.0316356
0.0312066
0.0360283
0.0351948
0.0361877
0.0322931
0.0354237
0.026611
0.0262278
0.0317091
0.0247252
0.0243141
0.0276972
0.0244028
0.0235075
0.023608
0.0243669
0.0261489
0.0243356
0.0248253
0.025812
0.0234054
0.0270617
0.0253028
0.0217901
0.0233207
0.0233838
0.0248811
0.0250123
0.0228817
0.0215235
0.0232306
0.022993
0.0243317
0.0219755
0.0256065
0.0247287
0.0245947
0.0225759
0.0217817
0.0245071
0.0252149
0.0256473
0.0226485
0.0207137
0.0248387
0.022914
0.0219409
0.0224908
0.0219685
0.0211708
0.0197676
0.0233702
0.0219766
0.0216374
0.0226301
0.0221792
0.0238637
0.0213139
0.0201989
0.0227706
0.023939
0.0205091
0.0230318
0.0236803
0.0249932
0.0254494
0.0202762
0.0217427
0.0209694
0.0224071
0.0237242
0.0240847
0.0240587
0.0248843
0.0215197
0.0220205
0.0244908
0.0209834
0.0231913
0.0245483
0.0226391
0.0201982
0.0220295
0.0221955
0.0237655
0.0235949
0.0229811
0.0233247
0.0203863
0.0216992
0.0205914
0.0209682
0.016095
0.0147731
0.0093007
0.0134666
0.0142869
0.0132799
0.0132162
0.0145543
0.012522
0.0139475
0.015281
0.0138989
0.0152486
0.0156067
0.0138602
0.0172909
0.0151911
0.0194797
0.0187519
0.0174154
0.0187504
0.0223118
0.0163107
0.0203786
0.022101
0.0219795
0.0229799
0.0192824
0.0241331
0.0263473
0.0275208
0.0257927
0.0265589
0.0226405
0.0220995
0.0231473
0.0312997
0.0289274
0.0266987
0.0281173
0.0214358
0.0231075
0.0237484
0.0272003
0.0224361
0.0182063
0.0167904
0.0183725
0.0256612
0.0184687
0.0166757
0.0204789
0.0178877
0.0197482
0.0180825
0.0190464
0.0210646
0.0240306
0.020569
0.0203329
0.0202336
0.0164207
0.0189867
0.0271805
0.0245663
0.024991
0.0256447
0.0243321
0.0295705
0.025759
0.0262522
0.0254992
0.0261015
0.031643
0.0299889
0.0326826
0.0252549
0.0294305
0.0235814
0.0182994
0.0211314
0.0284418
0.0198761
0.0270648
0.030402
0.0295721
0.0243546
0.0226862
0.025112
0.0220103
0.0226575
0.0236157
0.0213553
0.0217085
0.0220777
0.0223028
0.0194112
0.0239749
0.0206213
0.0206066
0.0215983
0.0195257
0.0225544
0.0192557
0.0267742
0.0259282
0.0261912
0.0265542
0.0264905
0.0278063
0.0302324
0.0231618
0.0321353
0.0359419
0.0276496
0.0360314
0.0319338
0.0327574
0.0389823
0.0416058
0.0370259
0.0366178
0.0325601
0.0369674
0.0346185
0.034486
0.0378843
0.0439683
0.0319803
0.0390015
0.034819
0.0448969
0.0356147
0.0350575
0.0213619
0.0288913
0.0255099
0.030321
0.0269166
0.0205883
0.021888
0.0205075
0.0238112
0.0221511
0.0224485
0.0229914
0.0322592
0.0287347
0.0221466
0.0225015
0.0235585
0.0288537
0.0290287
0.0230831
0.0238292
0.0231661
0.0222652
0.0246607
0.0307519
0.0230358
0.0263008
0.030577
0.0301415
0.0308668
0.0400753
0.0347302
0.0322589
0.0332441
0.0385256
0.0365785
0.0280039
0.0325378
0.0364037
0.0345789
0.0380579
0.0348326
0.0346485
0.0400751
0.0373381
0.0373235
0.0415933
0.0323853
0.0308432
0.0347307
0.0402209
0.03546
0.037947
0.0428346
0.0375715
0.0296266
0.0381573
0.035861
0.0361008
0.0331024
0.0281318
0.0260662
0.0286516
0.0355668
0.0349779
0.0411986
0.0367722
0.0379267
0.0430954
0.0414263
0.031104
0.037832
0.0368109
0.0334536
0.0377046
0.0395609
0.0450307
0.0374172
0.032886
0.0322704
0.0320003
0.0367769
0.0324208
0.033839
0.0361494
0.0304593
0.0313577
0.0306324
0.0348072
0.0320072
0.0306537
0.0324338
0.0282081
0.0282321
0.0304084
0.0298645
0.0299603
0.0308304
0.0276734
0.0292677
0.030875
0.0316868
0.0290562
0.0367193
0.0304485
0.0307204
0.0293201
0.0268858
0.0300649
0.0300762
0.0322798
0.03411
0.0293865
0.0355748
0.0371337
0.0367277
0.032012
0.0293704
0.0372676
0.0305893
0.0378421
0.0293683
0.0295318
0.0395339
0.0396871
0.0398658
0.0344459
0.0357142
0.0334175
0.0340508
0.0633818
0.044838
0.0550209
0.0599558
0.0545645
0.0466136
0.0486902
0.0434442
0.0582716
0.0504311
0.0431506
0.0431967
0.0556644
0.0559074
0.0509545
0.059206
0.0542592
0.0447683
0.0409157
0.0445765
0.0480279
0.0437571
0.0431865
0.0513898
0.053404
0.0441878
0.0468272
0.0582064
0.0688037
0.0660378
0.0598341
0.0553561
0.0497457
0.0654762
0.0648213
0.0597813
0.0487449
0.0544006
0.0600276
0.0671483
0.0697995
0.0714766
0.0721984
0.0710506
0.0726159
0.0575046
0.0678031
0.0833279
0.0817082
0.0582365
0.0686257
0.0695366
0.0601758
0.0694606
0.0614181
0.0631418
0.0651263
0.0720348
0.0657055
0.06281
0.0541407
0.0723153
0.0613326
0.0767648
0.0693881
0.0796707
0.0599855
0.0561793
0.0456602
0.0434067
0.071731
0.049602
0.0447357
0.0536282
0.0528081
0.0525214
0.0488533
0.0532279
0.0623233
0.0543064
0.0530578
0.050028
0.0546248
0.0486939
0.0542898
0.0575247
0.0463625
0.0530311
0.0544386
0.0482219
0.0527473
0.0373908
0.037962
0.0427097
0.0426453
0.0403234
0.0396594
0.0366907
0.0371647
0.0422608
0.0388736
0.0340387
0.0344564
0.0334952
0.0363938
0.0334732
0.0431803
0.0360699
0.033324
0.0362934
0.0320442
0.0338594
0.0358585
0.0334469
0.0398703
0.0324748
0.0379013
0.0374611
0.0377566
0.0371052
0.0334991
0.0345567
0.0397469
0.0423641
0.0805508
0.0486595
0.048546
0.058403
0.0508021
0.0600763
0.0591416
0.0738751
0.0543844
0.0583197
0.0506917
0.0528696
0.0367348
0.0369317
0.0483091
0.0514464
0.0549665
0.0618235
0.0529086
0.0721014
0.0755732
0.0773633
0.0809258
0.0719316
0.0750603
0.0634089
0.0611202
0.0759776
0.0603506
0.0675
0.0691264
0.0655352
0.065941
0.0828975
0.0775916
0.0766053
0.0704973
0.0707192
0.0752199
0.0636902
0.0527218
0.0485492
0.0520149
0.0448075
0.0555884
0.0522129
0.051926
0.0603977
0.050492
0.0619382
0.0794252
0.0560359
0.0571295
0.0815823
0.0636325
0.0525463
0.0517598
0.0556518
0.0659239
0.0717878
0.0645994
0.061807
0.0659403
0.0490401
0.0505263
0.0390358
0.0445698
0.0425927
0.0399038
0.0385387
0.0486272
0.0416745
0.039237
0.0443656
0.0468044
0.0440691
0.0435621
0.0481251
0.0363793
0.0475429
0.0375361
0.0482747
0.0369781
0.0382154
0.0489376
0.0436046
0.0438622
0.0424987
0.0407366
0.046746
0.0488955
0.0402019
0.043712
0.0413953
0.0451799
0.0433967
0.0383676
0.0482305
0.0497382
0.0598068
0.0609862
0.045615
0.0403977
0.038865
0.0454978
0.0368601
0.0463627
0.0589216
0.0433964
0.0460807
0.0468024
0.0448995
0.054055
0.0486405
0.0366673
0.0499275
0.0376553
0.0419653
0.0426633
0.0363789
0.0424409
0.0390688
0.0454155
0.0483699
0.0501436
0.0433503
0.0442758
0.0482899
0.0421873
0.0407943
0.0423913
0.05102
0.0443088
0.0550104
0.0536715
0.0463568
0.0515259
0.052406
0.0512366
0.0497306
0.0555129
0.0543164
0.0500139
0.0534559
0.0512652
0.0489396
0.0541028
0.0501321
0.0520801
0.0577461
0.0542391
0.0480292
0.0571334
0.0467932
0.0617844
0.0465637
0.0540735
0.04732
0.0500976
0.0432718
0.0469957
0.0411345
0.0418206
0.0474438
0.0426804
0.039703
0.0439647
0.0526863
0.0447019
0.0384342
0.04623
0.0561775
0.0409297
0.0406883
0.0381788
0.0505892
0.0528573
0.0496078
0.0481593
0.0447585
0.0591371
0.0504366
0.0582001
0.0587455
0.0722375
0.0672486
0.0478405
0.0467384
0.0463687
0.0557588
0.0699124
0.0694072
0.0747449
0.0562871
0.0539996
0.0475003
0.04524
0.0553002
0.0548939
0.0480379
0.0540309
0.0597713
0.0649239
0.0651153
0.0565424
0.0503419
0.06159
0.0583023
0.0554802
0.0574157
0.0589262
0.0452599
0.0523064
0.0524437
0.0508718
0.0502895
0.0624264
0.0541059
0.0471462
0.0471996
0.0501085
0.060644
0.0472057
0.050274
0.052328
0.0676383
0.0479299
0.0542528
0.0498605
0.0603
0.0559613
0.0556562
0.0656872
0.0545501
0.0544464
0.0514748
0.0553684
0.0682693
0.0545462
0.0603175
0.0593381
0.0604483
0.0580078
0.0605049
0.0434467
0.059233
0.0552367
0.0513695
0.0476853
0.0452465
0.0483743
0.0469082
0.0445346
0.0519799
0.0498088
0.0526997
0.0437073
0.0537541
0.0459647
0.0480279
0.0619261
0.0527237
0.0475584
0.0607121
0.0524419
0.0495444
0.0556291
0.0626812
0.0586177
0.064675
0.0584355
0.0593858
0.058805
0.0649675
0.0656506
0.0566691
0.0626651
0.0669106
0.047871
0.0585436
0.0592207
0.0473145
0.0524705
0.0608757
0.0510822
0.0583896
0.0551989
0.0495464
0.0503349
0.051103
0.0493962
0.0508934
0.045499
0.0635859
0.0539908
0.0613777
0.0726688
0.0722673
0.0684825
0.071339
0.0470017
0.0674338
0.0551634
0.0816163
0.0811512
0.0599187
0.052348
0.0589089
0.0576482
0.0669092
0.0900997
0.0663758
0.0633899
0.056388
0.057034
0.0568597
0.0593871
0.0526772
0.0585816
0.0590063
0.0466151
0.0464475
0.0508335
0.0493591
0.0488468
0.0492204
0.0508261
0.0430926
0.0437354
0.0385237
0.0436434
0.0386212
0.0385231
0.050887
0.0494906
0.0441449
0.0427384
0.0427897
0.0538625
0.0386598
0.0436546
0.0491508
0.0436754
0.0565322
0.0497842
0.042197
0.0441346
0.0574636
0.0483935
0.0501407
0.0449467
0.0496401
0.0432534
0.0500769
0.0439582
0.0443222
0.0530653
0.0471015
0.038624
0.0389865
0.0512047
0.0576724
0.0480351
0.0469326
0.0459728
0.0486644
0.0516647
0.0485484
0.0511214
0.05172
0.0475822
0.045211
0.0426894
0.0520251
0.0542583
0.0452999
0.0430339
0.0395448
0.0417147
0.0476
0.0397886
0.0420094
0.0558489
0.0403715
0.0394313
0.0448874
0.0399783
0.0471422
0.0488265
0.0496229
0.0429785
0.0452848
0.0398597
0.0502083
0.0451176
0.0543972
0.0449825
0.0440072
0.043523
0.0454488
0.0466624
0.0445322
0.0460224
0.0428481
